1.480427e+00
1.053381e+00
1.964413e+00
1.195730e+00
1.423488e+00
1.451957e+00
1.195730e+00
1.395018e+00
1.508897e+00
9.110320e-01
7.686833e-01
1.167260e+00
1.423488e+00
1.793594e+00
1.338078e+00
1.195730e+00
7.117438e-01
1.679715e+00
1.309609e+00
1.366548e+00
1.224199e+00
4.555160e-01
1.423488e+00
5.124555e-01
2.846975e-01
9.964413e-01
5.693950e-01
3.701068e-01
2.846975e-01
4.555160e-01
4.270463e-01
4.839858e-01
2.277580e-01
2.277580e-01
5.693950e-02
3.131673e-01
4.270463e-01
4.555160e-01
0.000000e+00
4.270463e-01
8.256228e-01
3.701068e-01
9.395018e-01
1.138790e+00
4.839858e-01
6.548043e-01
7.402135e-01
2.277580e-01
1.423488e+00
4.839858e-01
1.167260e+00
1.395018e+00
1.622776e+00
1.765125e+00
1.309609e+00
1.480427e+00
1.081851e+00
6.548043e-01
1.793594e+00
1.252669e+00
1.565836e+00
1.793594e+00
1.793594e+00
2.078292e+00
1.309609e+00
9.395018e-01
2.135231e+00
1.138790e+00
1.281139e+00
1.992883e+00
1.451957e+00
1.594306e+00
1.565836e+00
9.110320e-01
1.081851e+00
1.138790e+00
1.793594e+00
1.594306e+00
1.252669e+00
9.964413e-01
8.825623e-01
1.338078e+00
1.281139e+00
1.480427e+00
1.395018e+00
6.548043e-01
1.338078e+00
9.395018e-01
4.839858e-01
1.338078e+00
7.117438e-01
2.846975e-01
2.846975e-01
5.409253e-01
8.256228e-01
3.985765e-01
0.000000e+00
4.270463e-01
5.693950e-02
5.409253e-01
4.270463e-01
4.555160e-01
0.000000e+00
5.124555e-01
6.832740e-01
1.423488e-01
3.701068e-01
8.540925e-01
2.846975e-01
2.846975e-01
5.978648e-01
0.000000e+00
1.366548e+00
5.409253e-01
1.395018e+00
1.423488e+00
1.423488e+00
1.651246e+00
1.110320e+00
1.338078e+00
1.252669e+00
7.402135e-01
1.537367e+00
1.338078e+00
1.565836e+00
1.651246e+00
1.651246e+00
2.021352e+00
1.167260e+00
5.978648e-01
2.192171e+00
1.081851e+00
1.679715e+00
1.651246e+00
1.423488e+00
1.793594e+00
1.395018e+00
1.195730e+00
8.825623e-01
1.252669e+00
1.281139e+00
1.565836e+00
1.622776e+00
1.480427e+00
1.195730e+00
1.508897e+00
1.138790e+00
9.110320e-01
1.679715e+00
1.281139e+00
1.138790e+00
8.540925e-01
6.263345e-01
1.138790e+00
1.281139e+00
9.679715e-01
2.846975e-01
3.416370e-01
9.679715e-01
1.423488e-01
0.000000e+00
4.555160e-01
5.693950e-02
5.978648e-01
4.839858e-01
4.839858e-01
1.423488e-01
7.117438e-01
4.555160e-01
2.277580e-01
2.846975e-02
5.409253e-01
3.416370e-01
4.555160e-01
2.277580e-01
1.423488e-01
1.167260e+00
4.839858e-01
1.451957e+00
1.338078e+00
1.138790e+00
1.252669e+00
1.138790e+00
1.024911e+00
1.537367e+00
7.686833e-01
1.537367e+00
1.508897e+00
1.565836e+00
1.793594e+00
1.565836e+00
1.651246e+00
1.081851e+00
6.263345e-01
1.935943e+00
1.138790e+00
1.395018e+00
1.366548e+00
1.508897e+00
1.964413e+00
1.423488e+00
1.138790e+00
1.622776e+00
1.338078e+00
1.622776e+00
1.679715e+00
1.281139e+00
1.594306e+00
1.281139e+00
1.167260e+00
7.686833e-01
8.825623e-01
1.508897e+00
1.508897e+00
1.366548e+00
5.978648e-01
9.395018e-01
1.537367e+00
1.565836e+00
1.224199e+00
7.117438e-01
4.839858e-01
1.167260e+00
4.555160e-01
0.000000e+00
6.832740e-01
1.423488e-01
5.124555e-01
3.701068e-01
2.846975e-01
3.131673e-01
6.832740e-01
4.555160e-01
2.277580e-01
0.000000e+00
2.562278e-01
3.416370e-01
6.263345e-01
5.693950e-02
2.277580e-01
8.825623e-01
3.985765e-01
1.138790e+00
1.395018e+00
8.540925e-01
7.686833e-01
1.081851e+00
6.548043e-01
1.480427e+00
5.978648e-01
1.395018e+00
1.451957e+00
1.651246e+00
2.106762e+00
1.451957e+00
1.622776e+00
1.338078e+00
4.839858e-01
1.736655e+00
1.309609e+00
1.594306e+00
1.935943e+00
1.338078e+00
2.277580e+00
1.537367e+00
7.971530e-01
2.163701e+00
1.195730e+00
1.395018e+00
1.651246e+00
9.964413e-01
1.423488e+00
1.765125e+00
9.679715e-01
8.256228e-01
9.679715e-01
1.736655e+00
1.395018e+00
1.451957e+00
9.964413e-01
6.832740e-01
1.508897e+00
1.053381e+00
1.366548e+00
1.594306e+00
5.124555e-01
1.224199e+00
7.402135e-01
2.277580e-01
8.825623e-01
5.978648e-01
2.846975e-01
3.701068e-01
5.409253e-01
4.839858e-01
4.839858e-01
1.138790e-01
3.416370e-01
0.000000e+00
2.562278e-01
5.409253e-01
3.985765e-01
5.693950e-02
4.270463e-01
7.686833e-01
2.562278e-01
8.540925e-01
1.167260e+00
4.839858e-01
5.124555e-01
8.825623e-01
4.555160e-01
1.508897e+00
5.409253e-01
1.281139e+00
1.167260e+00
1.651246e+00
1.736655e+00
1.252669e+00
1.508897e+00
1.423488e+00
6.548043e-01
1.366548e+00
1.395018e+00
1.594306e+00
1.736655e+00
1.395018e+00
2.192171e+00
1.480427e+00
8.256228e-01
2.163701e+00
1.281139e+00
1.395018e+00
1.793594e+00
1.167260e+00
1.736655e+00
1.651246e+00
6.832740e-01
1.338078e+00
9.679715e-01
1.879004e+00
1.423488e+00
1.565836e+00
8.256228e-01
9.395018e-01
1.508897e+00
8.825623e-01
1.338078e+00
1.850534e+00
7.402135e-01
9.110320e-01
1.138790e+00
4.270463e-01
1.024911e+00
8.825623e-01
4.839858e-01
1.423488e-01
5.978648e-01
9.110320e-01
3.985765e-01
0.000000e+00
4.270463e-01
0.000000e+00
2.562278e-01
7.686833e-01
3.985765e-01
5.693950e-02
5.124555e-01
5.124555e-01
1.992883e-01
4.555160e-01
6.548043e-01
5.124555e-01
1.138790e-01
5.978648e-01
1.708185e-01
1.508897e+00
4.555160e-01
1.423488e+00
1.338078e+00
1.224199e+00
1.879004e+00
1.081851e+00
1.338078e+00
1.537367e+00
6.548043e-01
1.423488e+00
1.423488e+00
1.651246e+00
1.992883e+00
1.252669e+00
1.992883e+00
1.451957e+00
3.701068e-01
2.163701e+00
1.167260e+00
1.708185e+00
1.765125e+00
1.081851e+00
1.879004e+00
1.679715e+00
9.110320e-01
1.309609e+00
1.081851e+00
1.423488e+00
1.252669e+00
1.822064e+00
1.195730e+00
1.224199e+00
1.708185e+00
9.110320e-01
8.256228e-01
1.850534e+00
1.309609e+00
8.256228e-01
1.053381e+00
5.693950e-01
8.540925e-01
1.252669e+00
1.110320e+00
5.124555e-01
2.846975e-01
1.024911e+00
1.423488e-01
0.000000e+00
4.270463e-01
2.846975e-02
3.131673e-01
6.832740e-01
5.978648e-01
1.708185e-01
7.117438e-01
2.846975e-01
3.985765e-01
2.846975e-02
3.131673e-01
5.693950e-01
2.277580e-01
3.416370e-01
2.562278e-01
1.195730e+00
4.555160e-01
1.395018e+00
1.480427e+00
9.679715e-01
1.252669e+00
1.167260e+00
1.081851e+00
1.451957e+00
7.117438e-01
1.423488e+00
1.224199e+00
1.822064e+00
2.106762e+00
1.366548e+00
1.651246e+00
1.338078e+00
3.985765e-01
1.907473e+00
1.195730e+00
1.395018e+00
1.565836e+00
1.081851e+00
2.135231e+00
1.679715e+00
9.395018e-01
1.708185e+00
1.508897e+00
1.480427e+00
1.708185e+00
1.338078e+00
1.338078e+00
1.366548e+00
1.195730e+00
9.679715e-01
5.693950e-01
1.708185e+00
1.309609e+00
1.138790e+00
8.256228e-01
8.825623e-01
1.338078e+00
1.252669e+00
1.366548e+00
1.138790e+00
4.555160e-01
1.195730e+00
4.555160e-01
0.000000e+00
5.693950e-01
1.992883e-01
2.562278e-01
5.409253e-01
3.701068e-01
3.701068e-01
6.832740e-01
2.846975e-01
3.985765e-01
0.000000e+00
2.277580e-01
3.701068e-01
3.985765e-01
2.562278e-01
2.562278e-01
9.395018e-01
2.277580e-01
1.053381e+00
1.366548e+00
9.110320e-01
7.686833e-01
9.395018e-01
9.679715e-01
1.736655e+00
5.124555e-01
9.110320e-01
1.565836e+00
1.309609e+00
1.850534e+00
1.423488e+00
1.338078e+00
1.451957e+00
7.971530e-01
1.480427e+00
1.366548e+00
1.395018e+00
1.765125e+00
1.651246e+00
2.106762e+00
1.622776e+00
8.825623e-01
1.935943e+00
1.395018e+00
1.622776e+00
1.252669e+00
1.110320e+00
1.338078e+00
1.451957e+00
1.195730e+00
6.263345e-01
1.053381e+00
1.366548e+00
1.679715e+00
1.651246e+00
1.081851e+00
4.270463e-01
1.366548e+00
1.224199e+00
1.366548e+00
1.451957e+00
6.263345e-01
9.110320e-01
1.309609e+00
3.416370e-01
6.548043e-01
9.110320e-01
2.277580e-01
3.701068e-01
5.124555e-01
5.693950e-01
2.846975e-01
2.562278e-01
3.131673e-01
1.138790e-01
2.562278e-01
5.409253e-01
2.277580e-01
2.277580e-01
1.992883e-01
9.964413e-01
2.562278e-01
5.124555e-01
1.167260e+00
7.402135e-01
3.985765e-01
8.256228e-01
4.839858e-01
1.964413e+00
6.263345e-01
8.540925e-01
1.708185e+00
1.138790e+00
1.679715e+00
1.281139e+00
9.964413e-01
1.508897e+00
6.548043e-01
1.395018e+00
1.338078e+00
1.395018e+00
1.736655e+00
1.565836e+00
2.163701e+00
1.366548e+00
1.024911e+00
1.907473e+00
1.537367e+00
1.395018e+00
1.423488e+00
1.679715e+00
1.508897e+00
1.565836e+00
1.024911e+00
9.679715e-01
1.224199e+00
1.594306e+00
1.537367e+00
1.537367e+00
8.825623e-01
8.825623e-01
1.195730e+00
9.110320e-01
1.309609e+00
1.651246e+00
1.081851e+00
7.402135e-01
1.537367e+00
2.846975e-01
1.081851e+00
1.110320e+00
4.555160e-01
1.423488e-01
4.839858e-01
8.540925e-01
4.555160e-01
2.846975e-01
8.540925e-02
3.416370e-01
2.277580e-01
7.686833e-01
2.562278e-01
2.277580e-01
2.277580e-01
4.270463e-01
2.846975e-01
2.277580e-01
5.978648e-01
7.117438e-01
1.138790e-01
4.839858e-01
3.701068e-01
1.736655e+00
4.555160e-01
7.117438e-01
1.793594e+00
1.053381e+00
1.252669e+00
1.138790e+00
8.540925e-01
1.508897e+00
6.832740e-01
1.451957e+00
1.338078e+00
1.480427e+00
1.907473e+00
1.594306e+00
1.964413e+00
1.366548e+00
7.971530e-01
1.793594e+00
1.679715e+00
1.423488e+00
1.451957e+00
1.480427e+00
1.594306e+00
1.793594e+00
1.024911e+00
1.110320e+00
9.679715e-01
1.594306e+00
1.081851e+00
1.822064e+00
1.281139e+00
9.964413e-01
1.508897e+00
9.110320e-01
1.053381e+00
1.309609e+00
1.793594e+00
8.256228e-01
1.309609e+00
2.277580e-01
1.024911e+00
1.281139e+00
1.081851e+00
6.263345e-01
1.138790e-01
8.825623e-01
5.124555e-01
3.131673e-01
1.138790e-01
3.416370e-01
2.277580e-01
6.832740e-01
6.832740e-01
1.708185e-01
3.985765e-01
3.416370e-01
3.701068e-01
1.138790e-01
2.562278e-01
6.263345e-01
2.846975e-02
4.555160e-01
2.277580e-01
1.338078e+00
2.277580e-01
5.978648e-01
1.366548e+00
1.110320e+00
7.971530e-01
9.395018e-01
7.971530e-01
1.679715e+00
6.263345e-01
1.195730e+00
1.622776e+00
1.395018e+00
2.021352e+00
1.622776e+00
1.594306e+00
1.338078e+00
8.825623e-01
1.508897e+00
1.366548e+00
1.309609e+00
1.395018e+00
1.309609e+00
1.907473e+00
1.594306e+00
1.110320e+00
1.537367e+00
1.508897e+00
1.651246e+00
1.423488e+00
1.594306e+00
1.281139e+00
1.167260e+00
1.195730e+00
7.117438e-01
7.971530e-01
1.281139e+00
1.765125e+00
1.081851e+00
1.081851e+00
5.124555e-01
1.338078e+00
1.508897e+00
1.338078e+00
1.138790e+00
2.277580e-01
1.053381e+00
9.679715e-01
2.277580e-01
2.277580e-01
5.409253e-01
1.708185e-01
5.409253e-01
4.555160e-01
3.701068e-01
4.555160e-01
4.270463e-01
3.701068e-01
1.138790e-01
2.277580e-01
3.701068e-01
2.277580e-01
3.985765e-01
5.693950e-02
5.124555e-01
7.402135e-01
3.985765e-01
9.395018e-01
9.110320e-01
4.839858e-01
6.832740e-01
7.117438e-01
1.793594e+00
9.110320e-01
7.402135e-01
1.309609e+00
1.338078e+00
1.793594e+00
1.679715e+00
1.081851e+00
2.049822e+00
9.110320e-01
1.053381e+00
1.708185e+00
1.366548e+00
1.594306e+00
1.651246e+00
1.679715e+00
1.480427e+00
1.309609e+00
1.252669e+00
2.078292e+00
9.964413e-01
1.679715e+00
1.281139e+00
1.081851e+00
1.338078e+00
1.565836e+00
6.832740e-01
7.686833e-01
1.252669e+00
1.651246e+00
1.366548e+00
1.480427e+00
2.562278e-01
1.252669e+00
1.622776e+00
1.110320e+00
1.480427e+00
9.679715e-01
5.978648e-01
1.395018e+00
2.277580e-01
5.409253e-01
1.110320e+00
2.562278e-01
3.701068e-01
4.555160e-01
5.409253e-01
3.701068e-01
2.277580e-01
2.277580e-01
2.277580e-01
2.277580e-01
2.846975e-01
3.416370e-01
3.985765e-01
1.992883e-01
5.693950e-02
6.263345e-01
2.562278e-01
2.846975e-01
8.256228e-01
2.846975e-01
2.846975e-01
5.978648e-01
1.736655e+00
1.138790e+00
5.693950e-01
1.708185e+00
9.964413e-01
1.651246e+00
1.651246e+00
7.971530e-01
2.220641e+00
7.971530e-01
1.053381e+00
1.508897e+00
1.480427e+00
1.537367e+00
1.537367e+00
1.622776e+00
1.565836e+00
1.138790e+00
1.195730e+00
2.135231e+00
1.081851e+00
1.594306e+00
1.822064e+00
1.309609e+00
1.167260e+00
1.537367e+00
9.395018e-01
1.024911e+00
1.252669e+00
1.935943e+00
1.110320e+00
1.366548e+00
6.832740e-01
1.338078e+00
1.252669e+00
1.024911e+00
1.708185e+00
1.195730e+00
5.693950e-01
1.537367e+00
1.708185e-01
8.825623e-01
1.395018e+00
4.839858e-01
1.138790e-01
4.555160e-01
8.256228e-01
5.409253e-01
2.846975e-01
0.000000e+00
4.270463e-01
2.277580e-01
5.409253e-01
3.131673e-01
3.985765e-01
2.277580e-01
1.423488e-01
4.555160e-01
2.277580e-01
5.693950e-02
5.124555e-01
3.416370e-01
4.555160e-01
2.277580e-01
1.338078e+00
1.081851e+00
5.409253e-01
1.565836e+00
1.081851e+00
1.338078e+00
1.167260e+00
8.825623e-01
2.049822e+00
8.825623e-01
1.138790e+00
1.594306e+00
1.508897e+00
1.451957e+00
1.879004e+00
1.423488e+00
1.679715e+00
8.540925e-01
1.053381e+00
2.135231e+00
1.053381e+00
1.879004e+00
1.451957e+00
1.480427e+00
1.451957e+00
1.622776e+00
9.395018e-01
9.679715e-01
1.224199e+00
1.594306e+00
1.281139e+00
1.594306e+00
8.540925e-01
1.508897e+00
1.395018e+00
8.540925e-01
1.252669e+00
1.622776e+00
9.110320e-01
1.309609e+00
5.693950e-02
1.053381e+00
1.338078e+00
9.964413e-01
7.402135e-01
1.708185e-01
7.117438e-01
6.832740e-01
3.131673e-01
0.000000e+00
4.555160e-01
2.277580e-01
6.263345e-01
5.693950e-01
3.416370e-01
3.985765e-01
2.277580e-01
4.555160e-01
2.277580e-01
5.693950e-02
3.131673e-01
2.846975e-01
5.693950e-01
5.693950e-02
9.110320e-01
8.256228e-01
4.555160e-01
1.081851e+00
1.195730e+00
1.053381e+00
7.971530e-01
8.540925e-01
1.935943e+00
9.110320e-01
9.964413e-01
1.651246e+00
1.366548e+00
1.451957e+00
2.106762e+00
1.338078e+00
1.935943e+00
8.540925e-01
8.540925e-01
1.907473e+00
1.138790e+00
1.651246e+00
1.138790e+00
1.537367e+00
1.508897e+00
1.508897e+00
1.138790e+00
1.679715e+00
1.252669e+00
1.907473e+00
1.480427e+00
1.224199e+00
9.110320e-01
1.338078e+00
1.024911e+00
6.548043e-01
1.167260e+00
1.594306e+00
9.964413e-01
1.395018e+00
2.277580e-01
1.565836e+00
1.651246e+00
1.167260e+00
1.081851e+00
5.124555e-01
7.686833e-01
1.110320e+00
2.277580e-01
0.000000e+00
7.402135e-01
1.992883e-01
4.839858e-01
5.124555e-01
3.416370e-01
4.839858e-01
