1.386667e+00
1.280000e+00
1.466667e+00
1.626667e+00
1.413333e+00
1.653333e+00
1.280000e+00
1.253333e+00
1.760000e+00
1.440000e+00
1.066667e+00
1.600000e+00
1.653333e+00
1.626667e+00
9.866667e-01
1.760000e+00
1.280000e+00
8.266667e-01
4.000000e-01
9.866667e-01
1.386667e+00
1.146667e+00
8.266667e-01
1.733333e+00
5.333333e-01
5.333333e-02
4.000000e-01
2.933333e-01
1.013333e+00
3.200000e-01
2.666667e-01
6.400000e-01
6.933333e-01
8.266667e-01
3.200000e-01
5.866667e-01
7.200000e-01
4.533333e-01
3.466667e-01
1.866667e-01
1.066667e+00
1.306667e+00
9.066667e-01
6.400000e-01
6.933333e-01
2.400000e-01
1.600000e-01
8.000000e-01
1.440000e+00
1.680000e+00
1.200000e+00
1.280000e+00
7.200000e-01
4.800000e-01
4.000000e-01
1.546667e+00
1.066667e+00
1.653333e+00
1.280000e+00
1.413333e+00
1.493333e+00
6.133333e-01
5.866667e-01
1.840000e+00
1.440000e+00
1.280000e+00
1.386667e+00
1.466667e+00
1.680000e+00
1.626667e+00
1.013333e+00
1.466667e+00
1.546667e+00
1.386667e+00
1.333333e+00
1.333333e+00
1.440000e+00
1.626667e+00
1.173333e+00
1.706667e+00
1.600000e+00
1.040000e+00
5.333333e-01
1.333333e+00
1.360000e+00
1.333333e+00
9.333333e-01
1.786667e+00
6.133333e-01
3.200000e-01
3.733333e-01
2.933333e-01
8.800000e-01
4.000000e-01
2.933333e-01
7.733333e-01
6.133333e-01
5.066667e-01
1.066667e-01
6.933333e-01
9.866667e-01
5.600000e-01
2.400000e-01
3.466667e-01
1.013333e+00
1.333333e+00
7.733333e-01
7.200000e-01
4.266667e-01
5.333333e-02
2.666667e-01
6.133333e-01
1.520000e+00
1.600000e+00
1.146667e+00
8.800000e-01
9.600000e-01
5.866667e-01
3.733333e-01
1.493333e+00
8.800000e-01
1.600000e+00
1.386667e+00
1.706667e+00
1.360000e+00
3.466667e-01
5.600000e-01
1.573333e+00
1.546667e+00
1.466667e+00
1.360000e+00
1.626667e+00
1.546667e+00
1.413333e+00
1.093333e+00
1.413333e+00
1.466667e+00
1.173333e+00
1.226667e+00
1.493333e+00
1.466667e+00
1.600000e+00
1.066667e+00
1.493333e+00
1.706667e+00
1.306667e+00
6.933333e-01
1.306667e+00
1.680000e+00
1.546667e+00
1.200000e+00
2.106667e+00
8.266667e-01
4.800000e-01
4.800000e-01
5.066667e-01
9.333333e-01
4.533333e-01
2.400000e-01
1.013333e+00
2.666667e-01
8.000000e-02
1.333333e-01
5.866667e-01
1.013333e+00
6.933333e-01
2.133333e-01
3.733333e-01
1.173333e+00
1.386667e+00
6.133333e-01
6.666667e-01
3.200000e-01
2.666667e-02
3.466667e-01
5.333333e-01
1.306667e+00
1.546667e+00
1.146667e+00
6.933333e-01
8.800000e-01
4.533333e-01
3.466667e-01
9.600000e-01
9.333333e-01
1.626667e+00
1.386667e+00
1.546667e+00
1.253333e+00
3.466667e-01
3.466667e-01
1.866667e+00
1.333333e+00
1.386667e+00
1.200000e+00
1.520000e+00
1.626667e+00
1.120000e+00
5.866667e-01
1.520000e+00
1.333333e+00
1.280000e+00
1.413333e+00
1.546667e+00
1.653333e+00
1.706667e+00
1.226667e+00
1.440000e+00
1.866667e+00
1.493333e+00
8.800000e-01
1.280000e+00
1.226667e+00
1.573333e+00
1.200000e+00
1.866667e+00
1.226667e+00
6.666667e-01
5.600000e-01
9.066667e-01
1.413333e+00
6.133333e-01
5.866667e-01
1.253333e+00
2.133333e-01
0.000000e+00
2.400000e-01
5.066667e-01
8.533333e-01
5.333333e-01
2.133333e-01
5.866667e-01
8.266667e-01
1.173333e+00
5.600000e-01
3.466667e-01
6.666667e-01
2.400000e-01
3.466667e-01
4.800000e-01
1.573333e+00
1.226667e+00
1.066667e+00
8.533333e-01
6.400000e-01
3.733333e-01
2.133333e-01
8.266667e-01
8.533333e-01
1.840000e+00
1.120000e+00
1.466667e+00
1.013333e+00
3.733333e-01
4.800000e-01
1.786667e+00
1.413333e+00
1.520000e+00
1.280000e+00
1.413333e+00
1.546667e+00
9.066667e-01
3.466667e-01
1.520000e+00
1.280000e+00
1.440000e+00
1.600000e+00
1.280000e+00
1.626667e+00
1.440000e+00
1.440000e+00
1.253333e+00
1.840000e+00
1.546667e+00
1.226667e+00
1.280000e+00
1.600000e+00
1.626667e+00
1.173333e+00
1.600000e+00
1.440000e+00
8.266667e-01
5.333333e-01
6.400000e-01
1.546667e+00
9.600000e-01
1.093333e+00
1.546667e+00
5.066667e-01
2.400000e-01
3.200000e-01
4.266667e-01
9.866667e-01
3.466667e-01
2.666667e-01
4.266667e-01
5.600000e-01
8.000000e-01
4.800000e-01
4.266667e-01
9.066667e-01
3.200000e-01
4.266667e-01
2.133333e-01
1.040000e+00
1.493333e+00
7.466667e-01
8.000000e-01
7.200000e-01
4.000000e-01
0.000000e+00
6.133333e-01
2.053333e+00
1.066667e+00
1.626667e+00
1.306667e+00
7.466667e-01
4.266667e-01
3.733333e-01
1.146667e+00
1.306667e+00
1.306667e+00
1.413333e+00
1.680000e+00
1.466667e+00
6.133333e-01
2.933333e-01
1.333333e+00
1.466667e+00
1.520000e+00
1.520000e+00
1.120000e+00
1.866667e+00
1.466667e+00
1.306667e+00
1.093333e+00
1.733333e+00
1.386667e+00
1.333333e+00
1.146667e+00
1.520000e+00
1.573333e+00
1.013333e+00
1.840000e+00
1.680000e+00
1.040000e+00
8.533333e-01
8.800000e-01
1.440000e+00
1.120000e+00
1.413333e+00
1.493333e+00
6.400000e-01
4.266667e-01
4.266667e-01
2.666667e-01
8.800000e-01
4.533333e-01
2.933333e-01
5.600000e-01
4.266667e-01
5.333333e-01
2.666667e-01
6.133333e-01
1.093333e+00
4.266667e-01
3.733333e-01
3.200000e-01
1.040000e+00
1.413333e+00
7.200000e-01
6.933333e-01
6.933333e-01
5.333333e-02
1.600000e-01
4.266667e-01
1.840000e+00
1.306667e+00
1.280000e+00
1.173333e+00
7.200000e-01
7.200000e-01
2.666667e-01
1.253333e+00
1.600000e+00
1.013333e+00
1.626667e+00
1.600000e+00
1.306667e+00
4.266667e-01
3.200000e-01
1.413333e+00
1.493333e+00
1.866667e+00
1.440000e+00
1.360000e+00
1.546667e+00
1.520000e+00
1.146667e+00
1.093333e+00
1.546667e+00
1.200000e+00
1.226667e+00
1.306667e+00
1.600000e+00
1.466667e+00
1.066667e+00
1.573333e+00
2.000000e+00
1.306667e+00
1.040000e+00
7.200000e-01
1.920000e+00
1.306667e+00
1.520000e+00
1.733333e+00
8.533333e-01
5.866667e-01
5.333333e-01
4.266667e-01
8.533333e-01
5.066667e-01
3.733333e-01
8.000000e-01
2.666667e-01
1.066667e-01
5.333333e-02
6.400000e-01
1.066667e+00
5.066667e-01
4.266667e-01
2.933333e-01
9.333333e-01
1.653333e+00
6.400000e-01
5.866667e-01
5.333333e-01
8.000000e-02
2.133333e-01
4.266667e-01
1.440000e+00
1.200000e+00
1.253333e+00
9.333333e-01
8.533333e-01
6.133333e-01
5.333333e-02
9.866667e-01
1.600000e+00
1.333333e+00
1.440000e+00
1.333333e+00
1.200000e+00
3.200000e-01
3.733333e-01
1.333333e+00
1.413333e+00
1.493333e+00
1.226667e+00
1.440000e+00
1.600000e+00
1.306667e+00
6.400000e-01
1.173333e+00
1.493333e+00
1.333333e+00
1.413333e+00
1.306667e+00
1.706667e+00
1.653333e+00
1.360000e+00
1.333333e+00
1.786667e+00
1.706667e+00
1.146667e+00
9.333333e-01
1.306667e+00
1.306667e+00
1.466667e+00
1.733333e+00
1.306667e+00
6.400000e-01
7.466667e-01
6.400000e-01
1.466667e+00
6.666667e-01
6.400000e-01
1.120000e+00
2.933333e-01
8.000000e-02
1.066667e-01
6.400000e-01
8.533333e-01
4.266667e-01
3.200000e-01
4.266667e-01
8.800000e-01
1.173333e+00
6.666667e-01
2.400000e-01
8.533333e-01
2.133333e-01
3.200000e-01
2.933333e-01
1.360000e+00
1.173333e+00
1.066667e+00
1.040000e+00
6.933333e-01
5.333333e-01
0.000000e+00
9.066667e-01
1.973333e+00
1.173333e+00
1.760000e+00
1.040000e+00
1.040000e+00
5.600000e-01
2.400000e-01
9.600000e-01
1.253333e+00
1.333333e+00
1.573333e+00
1.226667e+00
1.840000e+00
9.066667e-01
5.600000e-01
1.253333e+00
1.360000e+00
1.280000e+00
1.493333e+00
1.573333e+00
1.280000e+00
1.573333e+00
1.626667e+00
1.173333e+00
1.786667e+00
1.520000e+00
1.280000e+00
1.066667e+00
1.680000e+00
1.600000e+00
1.306667e+00
1.653333e+00
1.653333e+00
7.200000e-01
6.933333e-01
5.066667e-01
1.333333e+00
1.413333e+00
9.066667e-01
1.360000e+00
5.600000e-01
5.066667e-01
2.666667e-01
4.533333e-01
6.400000e-01
6.933333e-01
2.933333e-01
1.066667e-01
4.266667e-01
7.733333e-01
6.133333e-01
3.200000e-01
1.040000e+00
2.666667e-01
4.533333e-01
2.400000e-01
1.093333e+00
1.333333e+00
7.733333e-01
1.066667e+00
6.400000e-01
4.800000e-01
0.000000e+00
4.266667e-01
1.920000e+00
1.440000e+00
1.253333e+00
1.093333e+00
9.333333e-01
8.800000e-01
1.600000e-01
8.800000e-01
1.280000e+00
8.800000e-01
1.706667e+00
1.466667e+00
1.760000e+00
8.800000e-01
2.666667e-01
1.173333e+00
1.413333e+00
1.413333e+00
1.440000e+00
1.360000e+00
1.520000e+00
1.546667e+00
1.573333e+00
1.093333e+00
1.573333e+00
1.440000e+00
1.440000e+00
1.146667e+00
1.413333e+00
1.546667e+00
1.146667e+00
1.840000e+00
1.893333e+00
1.093333e+00
7.733333e-01
6.933333e-01
1.520000e+00
1.253333e+00
1.333333e+00
1.360000e+00
7.200000e-01
4.266667e-01
5.866667e-01
2.400000e-01
5.600000e-01
8.266667e-01
3.200000e-01
2.666667e-01
5.333333e-01
4.800000e-01
4.266667e-01
4.533333e-01
1.093333e+00
5.066667e-01
4.533333e-01
1.066667e-01
7.733333e-01
1.466667e+00
8.266667e-01
8.000000e-01
6.933333e-01
5.333333e-02
1.333333e-01
4.533333e-01
1.520000e+00
1.200000e+00
1.146667e+00
1.093333e+00
9.866667e-01
6.666667e-01
2.666667e-02
6.933333e-01
1.520000e+00
9.066667e-01
1.840000e+00
1.333333e+00
1.520000e+00
7.733333e-01
2.133333e-01
1.200000e+00
1.440000e+00
1.520000e+00
1.680000e+00
1.306667e+00
1.653333e+00
1.440000e+00
1.306667e+00
1.120000e+00
1.466667e+00
1.440000e+00
1.013333e+00
1.413333e+00
1.306667e+00
1.626667e+00
1.386667e+00
1.333333e+00
1.946667e+00
1.200000e+00
1.200000e+00
5.066667e-01
1.893333e+00
1.466667e+00
1.333333e+00
2.000000e+00
1.173333e+00
5.600000e-01
5.866667e-01
5.066667e-01
5.333333e-01
8.533333e-01
4.266667e-01
2.933333e-01
3.466667e-01
2.133333e-01
8.000000e-02
4.800000e-01
1.066667e+00
5.866667e-01
5.066667e-01
8.000000e-02
6.933333e-01
1.600000e+00
9.066667e-01
6.133333e-01
5.333333e-01
8.000000e-02
1.866667e-01
4.533333e-01
1.413333e+00
1.066667e+00
1.013333e+00
1.360000e+00
6.400000e-01
6.133333e-01
0.000000e+00
6.666667e-01
1.626667e+00
1.066667e+00
1.733333e+00
9.866667e-01
1.520000e+00
6.400000e-01
2.400000e-01
1.120000e+00
1.280000e+00
1.440000e+00
1.333333e+00
1.493333e+00
1.680000e+00
1.226667e+00
9.066667e-01
9.333333e-01
1.546667e+00
1.306667e+00
1.386667e+00
1.360000e+00
1.333333e+00
1.786667e+00
1.573333e+00
1.306667e+00
1.706667e+00
1.573333e+00
1.306667e+00
6.933333e-01
1.626667e+00
1.120000e+00
1.360000e+00
2.000000e+00
1.386667e+00
7.733333e-01
8.000000e-01
5.600000e-01
1.146667e+00
1.226667e+00
6.133333e-01
7.200000e-01
4.800000e-01
2.133333e-01
5.333333e-02
5.333333e-01
6.933333e-01
6.666667e-01
4.000000e-01
1.066667e-01
6.666667e-01
1.200000e+00
8.266667e-01
2.666667e-01
8.533333e-01
2.133333e-01
2.933333e-01
3.200000e-01
7.200000e-01
1.360000e+00
1.040000e+00
9.333333e-01
5.333333e-01
5.866667e-01
2.133333e-01
4.266667e-01
1.706667e+00
1.200000e+00
1.946667e+00
1.093333e+00
1.226667e+00
4.533333e-01
4.266667e-01
6.933333e-01
1.840000e+00
1.093333e+00
1.466667e+00
1.306667e+00
1.706667e+00
1.173333e+00
5.600000e-01
8.000000e-01
1.413333e+00
1.280000e+00
1.226667e+00
1.680000e+00
1.386667e+00
1.520000e+00
1.546667e+00
1.306667e+00
2.026667e+00
1.333333e+00
1.573333e+00
1.146667e+00
1.573333e+00
1.760000e+00
1.146667e+00
1.333333e+00
1.573333e+00
9.333333e-01
9.066667e-01
3.466667e-01
1.280000e+00
1.333333e+00
8.800000e-01
1.333333e+00
6.400000e-01
5.333333e-01
1.066667e-01
4.266667e-01
5.866667e-01
7.466667e-01
2.666667e-01
2.133333e-01
2.400000e-01
7.466667e-01
6.666667e-01
3.466667e-01
1.146667e+00
2.400000e-01
3.733333e-01
3.733333e-01
4.000000e-01
1.493333e+00
9.866667e-01
7.733333e-01
7.733333e-01
1.333333e-01
5.333333e-02
5.866667e-01
1.706667e+00
1.306667e+00
1.573333e+00
1.173333e+00
8.266667e-01
8.000000e-01
5.066667e-01
6.666667e-01
1.466667e+00
9.866667e-01
1.546667e+00
1.386667e+00
1.920000e+00
9.866667e-01
3.466667e-01
7.733333e-01
1.706667e+00
1.200000e+00
1.493333e+00
1.466667e+00
1.386667e+00
1.573333e+00
1.413333e+00
1.120000e+00
1.893333e+00
1.360000e+00
1.333333e+00
1.253333e+00
1.360000e+00
1.786667e+00
1.200000e+00
1.360000e+00
1.600000e+00
1.200000e+00
1.066667e+00
7.733333e-01
1.386667e+00
1.333333e+00
1.066667e+00
1.493333e+00
9.333333e-01
4.533333e-01
4.266667e-01
2.666667e-01
5.866667e-01
6.666667e-01
3.466667e-01
2.666667e-01
4.533333e-01
4.800000e-01
5.066667e-01
1.866667e-01
1.200000e+00
5.333333e-01
4.800000e-01
2.133333e-01
3.200000e-01
1.626667e+00
1.066667e+00
5.866667e-01
7.200000e-01
1.066667e-01
5.333333e-02
5.866667e-01
1.173333e+00
1.146667e+00
1.440000e+00
1.093333e+00
8.000000e-01
6.133333e-01
4.266667e-01
6.400000e-01
1.706667e+00
9.333333e-01
1.786667e+00
1.466667e+00
1.546667e+00
9.600000e-01
2.133333e-01
6.933333e-01
1.680000e+00
1.466667e+00
1.520000e+00
1.360000e+00
1.706667e+00
1.386667e+00
1.306667e+00
1.040000e+00
1.866667e+00
1.093333e+00
1.093333e+00
1.440000e+00
1.360000e+00
1.733333e+00
1.333333e+00
1.066667e+00
1.840000e+00
1.360000e+00
1.360000e+00
6.666667e-01
1.493333e+00
1.706667e+00
1.120000e+00
2.000000e+00
1.146667e+00
6.400000e-01
5.866667e-01
4.533333e-01
6.666667e-01
7.733333e-01
3.733333e-01
2.933333e-01
4.266667e-01
2.133333e-01
8.000000e-02
2.133333e-01
1.146667e+00
5.333333e-01
5.866667e-01
1.600000e-01
4.533333e-01
1.066667e+00
1.013333e+00
4.266667e-01
8.266667e-01
2.400000e-01
1.600000e-01
4.533333e-01
9.066667e-01
1.360000e+00
1.173333e+00
1.093333e+00
6.933333e-01
5.600000e-01
3.466667e-01
6.400000e-01
1.653333e+00
9.333333e-01
1.893333e+00
1.173333e+00
1.573333e+00
6.666667e-01
2.933333e-01
7.466667e-01
1.866667e+00
1.226667e+00
1.226667e+00
1.360000e+00
1.680000e+00
1.413333e+00
9.866667e-01
5.333333e-01
1.493333e+00
1.333333e+00
1.200000e+00
1.546667e+00
1.466667e+00
1.653333e+00
1.600000e+00
1.306667e+00
1.786667e+00
1.493333e+00
1.573333e+00
9.066667e-01
1.146667e+00
1.600000e+00
9.866667e-01
1.893333e+00
1.413333e+00
8.533333e-01
8.533333e-01
4.533333e-01
1.280000e+00
1.066667e+00
5.600000e-01
7.466667e-01
5.866667e-01
2.133333e-01
0.000000e+00
3.200000e-01
7.733333e-01
6.133333e-01
4.800000e-01
1.600000e-01
