1.576642e+00
1.138686e+00
1.664234e+00
1.226277e+00
1.372263e+00
1.518248e+00
1.576642e+00
8.467153e-01
1.284672e+00
1.459854e+00
1.109489e+00
1.255474e+00
1.372263e+00
1.605839e+00
1.868613e+00
1.489051e+00
1.080292e+00
4.087591e-01
7.007299e-01
1.197080e+00
6.715328e-01
1.343066e+00
9.927007e-01
1.051095e+00
7.591241e-01
8.759124e-02
7.299270e-01
8.759124e-02
2.919708e-01
5.255474e-01
6.423358e-01
5.839416e-01
4.963504e-01
1.167883e-01
1.167883e-01
3.795620e-01
0.000000e+00
4.087591e-01
3.211679e-01
1.021898e+00
8.467153e-01
4.671533e-01
6.715328e-01
4.379562e-01
5.547445e-01
4.671533e-01
6.131387e-01
1.313869e+00
1.518248e+00
1.547445e+00
1.839416e+00
8.759124e-01
1.226277e+00
1.226277e+00
5.547445e-01
1.080292e+00
1.576642e+00
1.226277e+00
2.043796e+00
1.956204e+00
1.080292e+00
1.751825e+00
1.343066e+00
1.401460e+00
1.781022e+00
1.255474e+00
1.897810e+00
1.810219e+00
1.051095e+00
1.751825e+00
1.518248e+00
9.927007e-01
1.489051e+00
1.372263e+00
1.489051e+00
1.138686e+00
1.664234e+00
1.751825e+00
1.664234e+00
1.518248e+00
1.080292e+00
7.591241e-01
3.211679e-01
1.109489e+00
7.007299e-01
1.226277e+00
1.372263e+00
9.051095e-01
4.963504e-01
5.839416e-02
8.467153e-01
2.627737e-01
2.335766e-01
6.423358e-01
9.051095e-01
7.883212e-01
8.759124e-01
1.459854e-01
3.795620e-01
2.335766e-01
2.335766e-01
4.671533e-01
3.211679e-01
6.715328e-01
7.007299e-01
2.335766e-01
4.671533e-01
4.087591e-01
1.459854e-01
3.503650e-01
3.211679e-01
1.401460e+00
1.489051e+00
1.372263e+00
1.664234e+00
9.343066e-01
1.284672e+00
1.080292e+00
7.007299e-01
9.635036e-01
1.226277e+00
1.255474e+00
1.810219e+00
1.518248e+00
1.255474e+00
1.576642e+00
1.109489e+00
1.547445e+00
1.664234e+00
1.051095e+00
2.189781e+00
1.576642e+00
1.167883e+00
1.927007e+00
1.722628e+00
1.284672e+00
1.635036e+00
1.430657e+00
1.547445e+00
1.051095e+00
1.722628e+00
1.459854e+00
1.810219e+00
1.313869e+00
1.197080e+00
9.927007e-01
4.379562e-01
1.255474e+00
8.467153e-01
1.664234e+00
1.576642e+00
1.167883e+00
6.715328e-01
0.000000e+00
6.423358e-01
5.839416e-01
3.503650e-01
6.423358e-01
4.671533e-01
1.051095e+00
9.343066e-01
2.043796e-01
6.715328e-01
2.335766e-01
2.335766e-01
5.255474e-01
7.591241e-01
4.379562e-01
2.627737e-01
2.335766e-01
3.503650e-01
2.627737e-01
0.000000e+00
4.087591e-01
2.627737e-01
1.401460e+00
1.693431e+00
9.051095e-01
1.284672e+00
8.759124e-01
1.080292e+00
9.343066e-01
7.007299e-01
9.635036e-01
1.080292e+00
1.635036e+00
1.751825e+00
1.576642e+00
1.167883e+00
1.284672e+00
6.131387e-01
1.167883e+00
1.518248e+00
1.138686e+00
2.131387e+00
1.547445e+00
9.927007e-01
1.605839e+00
1.284672e+00
1.313869e+00
1.985401e+00
1.313869e+00
1.664234e+00
1.489051e+00
1.722628e+00
1.518248e+00
1.810219e+00
1.080292e+00
1.167883e+00
1.372263e+00
4.671533e-01
1.197080e+00
1.051095e+00
1.897810e+00
1.547445e+00
1.372263e+00
6.715328e-01
8.759124e-02
7.299270e-01
8.467153e-01
5.547445e-01
9.635036e-01
9.635036e-01
8.467153e-01
8.467153e-01
1.167883e-01
7.007299e-01
2.335766e-01
2.335766e-01
4.671533e-01
5.547445e-01
7.591241e-01
6.423358e-01
3.211679e-01
1.167883e-01
2.335766e-01
0.000000e+00
4.671533e-01
4.087591e-01
1.167883e+00
1.226277e+00
3.503650e-01
1.167883e+00
6.715328e-01
6.423358e-01
5.547445e-01
7.299270e-01
1.021898e+00
1.080292e+00
1.751825e+00
1.897810e+00
1.197080e+00
1.372263e+00
1.372263e+00
6.131387e-01
1.226277e+00
1.781022e+00
8.175182e-01
2.014599e+00
1.956204e+00
1.313869e+00
1.430657e+00
1.430657e+00
1.635036e+00
1.051095e+00
1.722628e+00
1.372263e+00
1.197080e+00
1.372263e+00
1.518248e+00
1.401460e+00
1.284672e+00
1.109489e+00
1.605839e+00
1.226277e+00
1.197080e+00
1.459854e+00
1.547445e+00
1.664234e+00
1.635036e+00
1.021898e+00
3.795620e-01
6.715328e-01
1.167883e+00
6.715328e-01
1.372263e+00
1.021898e+00
1.138686e+00
6.715328e-01
2.335766e-01
4.671533e-01
2.627737e-01
3.795620e-01
4.963504e-01
4.963504e-01
7.007299e-01
7.883212e-01
0.000000e+00
2.335766e-01
1.459854e-01
2.335766e-01
4.087591e-01
0.000000e+00
1.051095e+00
9.343066e-01
1.459854e-01
9.927007e-01
8.759124e-02
7.007299e-01
4.379562e-01
6.131387e-01
1.459854e+00
1.489051e+00
1.372263e+00
1.810219e+00
1.226277e+00
1.021898e+00
1.284672e+00
8.175182e-01
8.467153e-01
1.313869e+00
9.927007e-01
1.635036e+00
1.722628e+00
1.313869e+00
1.547445e+00
1.226277e+00
1.547445e+00
1.343066e+00
1.605839e+00
1.751825e+00
1.635036e+00
1.255474e+00
1.489051e+00
1.489051e+00
1.489051e+00
1.197080e+00
1.605839e+00
1.605839e+00
1.109489e+00
1.722628e+00
1.693431e+00
1.489051e+00
1.664234e+00
9.635036e-01
7.299270e-01
5.255474e-01
8.175182e-01
7.299270e-01
1.226277e+00
1.255474e+00
1.226277e+00
4.379562e-01
2.043796e-01
3.795620e-01
7.299270e-01
1.751825e-01
7.007299e-01
7.007299e-01
9.051095e-01
9.343066e-01
2.919708e-02
4.671533e-01
8.759124e-02
4.087591e-01
4.379562e-01
2.919708e-02
9.343066e-01
1.080292e+00
1.167883e-01
5.839416e-01
8.759124e-02
4.671533e-01
2.919708e-01
3.211679e-01
1.080292e+00
1.576642e+00
9.927007e-01
1.839416e+00
1.051095e+00
1.080292e+00
1.109489e+00
9.343066e-01
9.051095e-01
1.167883e+00
1.226277e+00
1.897810e+00
1.605839e+00
1.459854e+00
9.927007e-01
9.927007e-01
9.343066e-01
1.576642e+00
1.138686e+00
1.927007e+00
1.635036e+00
1.226277e+00
1.751825e+00
1.693431e+00
1.635036e+00
1.226277e+00
1.868613e+00
1.401460e+00
1.226277e+00
1.518248e+00
1.459854e+00
1.459854e+00
1.810219e+00
1.051095e+00
9.343066e-01
9.051095e-01
8.467153e-01
9.343066e-01
1.664234e+00
1.518248e+00
1.284672e+00
7.299270e-01
5.839416e-02
2.335766e-01
8.759124e-01
4.087591e-01
7.007299e-01
2.335766e-01
1.167883e+00
9.051095e-01
1.751825e-01
6.715328e-01
1.751825e-01
4.087591e-01
4.963504e-01
4.963504e-01
6.715328e-01
6.423358e-01
1.167883e-01
4.671533e-01
8.759124e-02
1.751825e-01
4.087591e-01
1.751825e-01
1.109489e+00
1.547445e+00
7.591241e-01
1.284672e+00
7.883212e-01
1.021898e+00
1.021898e+00
8.759124e-01
1.138686e+00
1.138686e+00
1.489051e+00
1.897810e+00
1.401460e+00
1.313869e+00
1.284672e+00
9.927007e-01
9.927007e-01
1.635036e+00
8.175182e-01
1.927007e+00
1.810219e+00
1.051095e+00
1.489051e+00
1.197080e+00
1.605839e+00
1.459854e+00
1.751825e+00
1.751825e+00
1.313869e+00
1.605839e+00
1.518248e+00
1.664234e+00
1.518248e+00
9.051095e-01
1.605839e+00
6.131387e-01
9.927007e-01
1.343066e+00
1.547445e+00
1.489051e+00
1.576642e+00
7.883212e-01
2.919708e-02
5.547445e-01
9.343066e-01
4.671533e-01
1.197080e+00
7.007299e-01
9.927007e-01
7.591241e-01
2.335766e-01
4.671533e-01
3.211679e-01
4.087591e-01
4.379562e-01
4.963504e-01
7.883212e-01
1.021898e+00
1.167883e-01
3.211679e-01
8.759124e-02
1.459854e-01
4.671533e-01
1.459854e-01
1.051095e+00
1.138686e+00
2.335766e-01
1.255474e+00
3.795620e-01
8.175182e-01
5.547445e-01
7.591241e-01
1.226277e+00
1.810219e+00
1.197080e+00
1.722628e+00
1.605839e+00
8.175182e-01
1.372263e+00
7.299270e-01
6.131387e-01
1.693431e+00
1.167883e+00
1.781022e+00
1.693431e+00
1.810219e+00
1.051095e+00
1.722628e+00
1.459854e+00
9.635036e-01
1.605839e+00
1.547445e+00
1.080292e+00
1.313869e+00
1.722628e+00
1.197080e+00
1.489051e+00
1.021898e+00
1.459854e+00
1.430657e+00
7.883212e-01
1.576642e+00
1.635036e+00
1.751825e+00
1.781022e+00
9.343066e-01
8.175182e-01
6.131387e-01
1.080292e+00
6.131387e-01
1.021898e+00
1.518248e+00
8.467153e-01
6.715328e-01
3.211679e-01
2.627737e-01
4.671533e-01
2.627737e-01
5.547445e-01
1.751825e-01
9.927007e-01
1.051095e+00
0.000000e+00
2.335766e-01
0.000000e+00
3.795620e-01
2.335766e-01
1.751825e-01
7.883212e-01
1.138686e+00
2.627737e-01
1.051095e+00
5.839416e-02
5.839416e-01
5.839416e-01
3.795620e-01
1.313869e+00
1.839416e+00
9.051095e-01
1.810219e+00
1.197080e+00
9.927007e-01
1.167883e+00
9.051095e-01
6.715328e-01
1.459854e+00
1.021898e+00
1.576642e+00
1.459854e+00
1.722628e+00
1.255474e+00
1.284672e+00
1.518248e+00
1.226277e+00
1.722628e+00
1.693431e+00
1.664234e+00
1.197080e+00
1.722628e+00
1.343066e+00
1.489051e+00
1.080292e+00
1.459854e+00
1.810219e+00
7.591241e-01
1.868613e+00
1.664234e+00
1.635036e+00
1.810219e+00
8.175182e-01
1.167883e+00
4.671533e-01
6.715328e-01
7.007299e-01
1.021898e+00
1.605839e+00
1.021898e+00
6.131387e-01
2.043796e-01
3.795620e-01
7.299270e-01
2.919708e-02
7.007299e-01
4.671533e-01
1.109489e+00
1.080292e+00
1.167883e-01
2.627737e-01
2.335766e-01
3.795620e-01
3.211679e-01
2.335766e-01
7.007299e-01
1.167883e+00
2.335766e-01
6.423358e-01
5.839416e-02
4.671533e-01
3.211679e-01
1.751825e-01
9.635036e-01
1.605839e+00
9.635036e-01
1.167883e+00
9.343066e-01
9.635036e-01
1.138686e+00
8.175182e-01
8.467153e-01
1.313869e+00
1.167883e+00
2.043796e+00
1.372263e+00
1.605839e+00
9.635036e-01
1.051095e+00
7.591241e-01
1.547445e+00
1.138686e+00
1.635036e+00
1.810219e+00
1.313869e+00
1.576642e+00
1.576642e+00
1.985401e+00
9.927007e-01
1.839416e+00
1.722628e+00
9.635036e-01
1.401460e+00
1.839416e+00
1.547445e+00
1.664234e+00
1.021898e+00
1.255474e+00
8.467153e-01
4.671533e-01
1.138686e+00
1.401460e+00
1.722628e+00
1.284672e+00
7.883212e-01
2.043796e-01
2.335766e-01
8.467153e-01
2.919708e-01
5.547445e-01
5.255474e-01
9.635036e-01
1.051095e+00
2.627737e-01
4.671533e-01
3.211679e-01
3.795620e-01
3.503650e-01
3.503650e-01
8.175182e-01
9.635036e-01
0.000000e+00
5.255474e-01
5.839416e-02
2.627737e-01
3.503650e-01
5.839416e-02
9.635036e-01
1.372263e+00
4.671533e-01
9.635036e-01
5.547445e-01
7.299270e-01
7.007299e-01
6.131387e-01
9.635036e-01
1.489051e+00
1.197080e+00
2.160584e+00
1.518248e+00
1.167883e+00
1.226277e+00
1.109489e+00
6.423358e-01
1.459854e+00
1.051095e+00
1.751825e+00
1.664234e+00
1.401460e+00
1.372263e+00
1.138686e+00
1.693431e+00
1.138686e+00
1.897810e+00
1.722628e+00
1.167883e+00
1.664234e+00
1.605839e+00
1.693431e+00
1.693431e+00
9.927007e-01
1.605839e+00
8.467153e-01
5.547445e-01
1.313869e+00
1.576642e+00
1.635036e+00
1.547445e+00
7.591241e-01
2.919708e-01
4.963504e-01
8.467153e-01
4.671533e-01
9.927007e-01
1.051095e+00
7.591241e-01
9.635036e-01
3.211679e-01
2.627737e-01
4.671533e-01
3.795620e-01
2.919708e-01
3.503650e-01
8.759124e-01
1.109489e+00
0.000000e+00
4.379562e-01
0.000000e+00
2.335766e-01
4.087591e-01
5.839416e-02
1.109489e+00
1.722628e+00
4.379562e-01
8.759124e-01
2.335766e-01
5.547445e-01
4.379562e-01
4.671533e-01
6.423358e-01
1.489051e+00
1.313869e+00
1.518248e+00
1.897810e+00
6.715328e-01
1.255474e+00
1.167883e+00
5.547445e-01
1.547445e+00
1.343066e+00
9.635036e-01
2.043796e+00
2.189781e+00
1.051095e+00
1.722628e+00
1.518248e+00
9.635036e-01
1.518248e+00
1.401460e+00
1.401460e+00
1.051095e+00
1.751825e+00
1.051095e+00
1.781022e+00
1.518248e+00
1.138686e+00
1.635036e+00
9.635036e-01
1.518248e+00
1.489051e+00
1.664234e+00
1.518248e+00
1.021898e+00
9.635036e-01
5.547445e-01
1.138686e+00
7.299270e-01
6.715328e-01
1.605839e+00
7.591241e-01
5.547445e-01
6.423358e-01
5.839416e-02
6.715328e-01
1.167883e-01
4.963504e-01
2.919708e-01
8.759124e-01
1.138686e+00
2.335766e-01
2.335766e-01
0.000000e+00
3.795620e-01
8.759124e-02
3.211679e-01
4.671533e-01
1.810219e+00
2.627737e-01
4.671533e-01
2.335766e-01
4.671533e-01
8.759124e-02
3.503650e-01
3.503650e-01
1.605839e+00
1.197080e+00
1.547445e+00
1.459854e+00
8.175182e-01
1.313869e+00
1.080292e+00
4.671533e-01
1.226277e+00
1.226277e+00
1.080292e+00
1.781022e+00
1.839416e+00
1.051095e+00
1.489051e+00
1.605839e+00
1.284672e+00
1.751825e+00
1.226277e+00
1.897810e+00
1.372263e+00
1.547445e+00
1.459854e+00
1.518248e+00
1.635036e+00
1.138686e+00
1.781022e+00
1.167883e+00
1.547445e+00
1.751825e+00
1.343066e+00
1.722628e+00
9.051095e-01
1.051095e+00
7.007299e-01
6.423358e-01
9.051095e-01
7.299270e-01
1.547445e+00
9.927007e-01
4.963504e-01
5.255474e-01
1.751825e-01
9.343066e-01
0.000000e+00
4.671533e-01
6.423358e-01
9.927007e-01
9.927007e-01
4.379562e-01
2.627737e-01
2.335766e-01
2.627737e-01
2.919708e-01
3.795620e-01
4.671533e-01
1.664234e+00
0.000000e+00
4.379562e-01
1.459854e-01
2.627737e-01
2.919708e-02
3.795620e-01
2.627737e-01
1.781022e+00
1.197080e+00
9.635036e-01
9.927007e-01
9.051095e-01
1.167883e+00
9.343066e-01
4.963504e-01
9.635036e-01
1.255474e+00
1.605839e+00
1.781022e+00
1.635036e+00
9.343066e-01
1.197080e+00
9.051095e-01
1.518248e+00
1.430657e+00
8.759124e-01
2.248175e+00
1.459854e+00
1.518248e+00
1.605839e+00
1.927007e+00
1.343066e+00
1.343066e+00
1.810219e+00
1.343066e+00
1.080292e+00
1.868613e+00
1.284672e+00
1.897810e+00
1.255474e+00
1.138686e+00
1.051095e+00
4.671533e-01
1.343066e+00
9.927007e-01
1.781022e+00
1.109489e+00
7.007299e-01
6.423358e-01
2.043796e-01
8.759124e-01
2.627737e-01
4.671533e-01
6.423358e-01
6.131387e-01
7.299270e-01
5.839416e-01
2.919708e-01
4.963504e-01
2.627737e-01
2.627737e-01
4.671533e-01
9.051095e-01
1.518248e+00
2.335766e-01
4.379562e-01
0.000000e+00
2.335766e-01
8.759124e-02
3.795620e-01
4.671533e-01
1.605839e+00
7.299270e-01
7.299270e-01
7.591241e-01
7.299270e-01
7.007299e-01
5.547445e-01
5.547445e-01
1.080292e+00
1.255474e+00
1.810219e+00
1.868613e+00
1.226277e+00
1.138686e+00
1.284672e+00
8.467153e-01
1.547445e+00
1.226277e+00
1.051095e+00
1.956204e+00
1.605839e+00
1.255474e+00
1.401460e+00
1.489051e+00
1.284672e+00
1.722628e+00
1.401460e+00
1.693431e+00
1.197080e+00
1.956204e+00
1.401460e+00
1.927007e+00
1.401460e+00
1.226277e+00
1.430657e+00
4.671533e-01
1.430657e+00
1.197080e+00
1.664234e+00
1.255474e+00
7.299270e-01
5.547445e-01
2.919708e-01
9.635036e-01
5.255474e-01
7.007299e-01
1.138686e+00
7.591241e-01
7.883212e-01
6.423358e-01
8.759124e-02
6.423358e-01
2.627737e-01
2.043796e-01
4.671533e-01
8.175182e-01
