1.754153e+00
2.205980e+00
1.355482e+00
1.435216e+00
1.249169e+00
1.514950e+00
1.647841e+00
1.302326e+00
1.647841e+00
1.647841e+00
1.169435e+00
1.328904e+00
1.461794e+00
1.514950e+00
1.222591e+00
1.063123e+00
9.568106e-01
7.441860e-01
7.973422e-01
5.315615e-01
8.239203e-01
1.382060e+00
1.222591e+00
3.189369e-01
1.328904e-01
2.126246e-01
6.644518e-01
1.594684e-01
2.657807e-02
5.581395e-01
5.049834e-01
4.252492e-01
3.986711e-01
3.189369e-01
5.315615e-01
4.252492e-01
3.986711e-01
3.189369e-01
4.518272e-01
5.049834e-01
4.784053e-01
8.239203e-01
7.707641e-01
1.116279e+00
2.126246e-01
4.252492e-01
7.176080e-01
9.302326e-01
1.700997e+00
1.435216e+00
1.435216e+00
1.568106e+00
1.063123e+00
1.382060e+00
1.461794e+00
1.036545e+00
1.089701e+00
1.514950e+00
1.647841e+00
1.169435e+00
1.541528e+00
1.435216e+00
1.461794e+00
1.249169e+00
1.488372e+00
2.179402e+00
1.514950e+00
1.514950e+00
1.514950e+00
1.488372e+00
1.488372e+00
1.382060e+00
1.833887e+00
1.647841e+00
1.196013e+00
1.275748e+00
1.382060e+00
1.568106e+00
1.488372e+00
8.504983e-01
1.142857e+00
1.196013e+00
7.973422e-01
7.973422e-01
1.089701e+00
1.009967e+00
1.169435e+00
6.910299e-01
3.455150e-01
2.126246e-01
8.239203e-01
1.594684e-01
0.000000e+00
1.063123e+00
7.176080e-01
2.923588e-01
3.986711e-01
1.063123e-01
3.455150e-01
3.189369e-01
3.720930e-01
4.252492e-01
3.986711e-01
2.923588e-01
2.657807e-01
8.504983e-01
8.504983e-01
1.169435e+00
2.126246e-01
3.720930e-01
6.644518e-01
8.504983e-01
1.674419e+00
1.196013e+00
1.408638e+00
1.089701e+00
8.239203e-01
1.116279e+00
1.222591e+00
1.089701e+00
1.009967e+00
1.514950e+00
1.435216e+00
1.408638e+00
1.382060e+00
1.488372e+00
1.541528e+00
1.382060e+00
1.382060e+00
1.860465e+00
1.488372e+00
1.488372e+00
1.647841e+00
1.647841e+00
1.621262e+00
1.461794e+00
1.913621e+00
1.940199e+00
1.302326e+00
1.275748e+00
1.328904e+00
1.621262e+00
1.647841e+00
9.833887e-01
1.488372e+00
1.408638e+00
1.009967e+00
8.239203e-01
1.382060e+00
1.116279e+00
8.770764e-01
6.910299e-01
2.126246e-01
2.392027e-01
8.504983e-01
4.518272e-01
1.063123e-01
1.222591e+00
1.009967e+00
2.923588e-01
4.518272e-01
1.860465e-01
1.860465e-01
3.189369e-01
2.126246e-01
3.720930e-01
4.784053e-01
4.518272e-01
2.923588e-01
6.910299e-01
7.973422e-01
7.176080e-01
2.657807e-01
2.392027e-01
3.986711e-01
8.239203e-01
1.169435e+00
1.142857e+00
1.355482e+00
1.169435e+00
5.315615e-01
9.568106e-01
1.116279e+00
1.116279e+00
1.249169e+00
1.435216e+00
1.382060e+00
1.488372e+00
1.302326e+00
1.355482e+00
1.541528e+00
1.009967e+00
1.196013e+00
1.727575e+00
1.621262e+00
1.435216e+00
1.408638e+00
1.275748e+00
1.382060e+00
1.382060e+00
1.833887e+00
1.993355e+00
1.142857e+00
1.222591e+00
1.196013e+00
1.754153e+00
1.568106e+00
1.169435e+00
1.647841e+00
1.700997e+00
1.249169e+00
1.063123e+00
1.700997e+00
1.063123e+00
1.142857e+00
9.568106e-01
5.581395e-01
3.986711e-01
8.504983e-01
5.581395e-01
2.657807e-01
1.514950e+00
1.196013e+00
2.126246e-01
3.189369e-01
2.126246e-01
3.189369e-01
2.392027e-01
2.126246e-01
3.720930e-01
3.189369e-01
5.315615e-01
2.657807e-01
4.252492e-01
6.910299e-01
7.176080e-01
2.657807e-01
3.986711e-01
3.986711e-01
5.049834e-01
9.833887e-01
1.089701e+00
1.063123e+00
1.142857e+00
3.986711e-01
6.910299e-01
1.142857e+00
1.169435e+00
1.355482e+00
1.355482e+00
1.435216e+00
1.355482e+00
1.328904e+00
1.461794e+00
1.541528e+00
9.036545e-01
1.408638e+00
1.196013e+00
1.594684e+00
1.302326e+00
1.355482e+00
1.196013e+00
1.833887e+00
1.222591e+00
1.488372e+00
2.471761e+00
1.328904e+00
1.408638e+00
1.382060e+00
1.700997e+00
1.302326e+00
1.382060e+00
1.169435e+00
1.754153e+00
1.275748e+00
1.382060e+00
1.514950e+00
1.514950e+00
7.973422e-01
1.647841e+00
6.378738e-01
8.504983e-01
8.239203e-01
5.581395e-01
7.707641e-01
1.116279e+00
1.461794e+00
5.581395e-01
4.252492e-01
2.126246e-01
2.126246e-01
6.112957e-01
0.000000e+00
5.049834e-01
4.784053e-01
2.392027e-01
5.049834e-01
2.126246e-01
5.581395e-01
3.455150e-01
1.594684e-01
7.176080e-01
4.252492e-01
4.252492e-01
8.504983e-01
3.986711e-01
9.036545e-01
1.036545e+00
4.252492e-01
3.720930e-01
6.910299e-01
7.973422e-01
1.940199e+00
1.408638e+00
1.355482e+00
1.488372e+00
1.302326e+00
1.089701e+00
1.568106e+00
9.302326e-01
1.435216e+00
1.302326e+00
1.275748e+00
1.408638e+00
1.435216e+00
1.355482e+00
1.727575e+00
1.222591e+00
1.514950e+00
2.179402e+00
1.568106e+00
1.621262e+00
1.328904e+00
1.700997e+00
1.488372e+00
1.169435e+00
1.302326e+00
1.727575e+00
1.408638e+00
1.089701e+00
1.647841e+00
1.514950e+00
8.770764e-01
1.674419e+00
7.176080e-01
1.435216e+00
8.239203e-01
8.239203e-01
1.009967e+00
1.116279e+00
1.089701e+00
8.770764e-01
6.378738e-01
2.126246e-01
4.252492e-01
5.581395e-01
0.000000e+00
6.378738e-01
1.036545e+00
1.063123e-01
4.784053e-01
0.000000e+00
3.189369e-01
4.518272e-01
0.000000e+00
7.973422e-01
3.986711e-01
2.126246e-01
5.847176e-01
5.315615e-01
9.833887e-01
8.239203e-01
5.847176e-01
3.720930e-01
6.378738e-01
7.176080e-01
1.754153e+00
1.116279e+00
1.249169e+00
1.355482e+00
9.036545e-01
7.176080e-01
1.302326e+00
1.222591e+00
1.541528e+00
1.302326e+00
1.275748e+00
1.568106e+00
1.461794e+00
1.089701e+00
1.514950e+00
1.009967e+00
1.408638e+00
1.833887e+00
1.382060e+00
1.435216e+00
1.568106e+00
1.780731e+00
1.700997e+00
1.488372e+00
1.488372e+00
2.099668e+00
1.328904e+00
1.435216e+00
1.355482e+00
1.700997e+00
1.196013e+00
1.408638e+00
9.568106e-01
1.568106e+00
1.249169e+00
7.176080e-01
1.355482e+00
1.275748e+00
6.378738e-01
1.036545e+00
2.923588e-01
2.392027e-01
4.252492e-01
8.504983e-01
1.328904e-01
7.707641e-01
1.355482e+00
3.189369e-01
6.910299e-01
1.860465e-01
7.973422e-02
4.252492e-01
0.000000e+00
5.847176e-01
4.252492e-01
2.657807e-01
5.847176e-01
5.049834e-01
7.973422e-01
5.581395e-01
3.720930e-01
4.784053e-01
3.720930e-01
5.581395e-01
1.461794e+00
7.707641e-01
1.514950e+00
1.142857e+00
6.644518e-01
5.315615e-01
1.355482e+00
1.116279e+00
1.488372e+00
1.302326e+00
1.355482e+00
1.355482e+00
1.461794e+00
1.196013e+00
1.541528e+00
1.036545e+00
1.541528e+00
1.408638e+00
1.488372e+00
1.541528e+00
1.328904e+00
1.222591e+00
1.647841e+00
1.249169e+00
1.408638e+00
2.445183e+00
1.063123e+00
1.275748e+00
1.222591e+00
1.993355e+00
1.169435e+00
1.302326e+00
1.116279e+00
1.674419e+00
1.700997e+00
9.833887e-01
1.594684e+00
1.196013e+00
8.239203e-01
1.435216e+00
4.518272e-01
5.049834e-01
3.720930e-01
8.770764e-01
4.252492e-01
9.568106e-01
1.568106e+00
3.986711e-01
6.378738e-01
2.126246e-01
1.594684e-01
3.986711e-01
0.000000e+00
5.847176e-01
2.126246e-01
3.189369e-01
3.455150e-01
3.189369e-01
6.378738e-01
5.315615e-01
3.720930e-01
6.378738e-01
3.720930e-01
4.518272e-01
1.435216e+00
6.378738e-01
1.275748e+00
1.169435e+00
5.049834e-01
4.252492e-01
1.222591e+00
1.009967e+00
1.754153e+00
1.568106e+00
1.196013e+00
1.647841e+00
1.196013e+00
1.249169e+00
1.541528e+00
9.302326e-01
1.222591e+00
1.541528e+00
1.541528e+00
1.249169e+00
1.275748e+00
1.355482e+00
1.514950e+00
1.408638e+00
1.328904e+00
1.887043e+00
1.780731e+00
1.382060e+00
1.488372e+00
1.382060e+00
1.727575e+00
1.488372e+00
1.435216e+00
1.807309e+00
1.328904e+00
1.488372e+00
1.382060e+00
1.435216e+00
1.009967e+00
1.169435e+00
4.252492e-01
8.504983e-01
8.239203e-01
7.176080e-01
6.910299e-01
1.009967e+00
1.488372e+00
7.707641e-01
4.252492e-01
2.126246e-01
2.126246e-01
6.112957e-01
0.000000e+00
2.923588e-01
4.252492e-01
5.049834e-01
6.378738e-01
2.126246e-01
4.252492e-01
2.126246e-01
4.252492e-01
7.176080e-01
2.126246e-01
5.049834e-01
9.302326e-01
4.784053e-01
8.770764e-01
1.036545e+00
5.847176e-01
3.189369e-01
5.049834e-01
7.441860e-01
1.382060e+00
1.514950e+00
1.142857e+00
1.488372e+00
7.707641e-01
7.973422e-01
1.382060e+00
1.142857e+00
1.541528e+00
1.514950e+00
1.249169e+00
1.275748e+00
1.435216e+00
1.408638e+00
1.568106e+00
1.169435e+00
1.302326e+00
1.674419e+00
2.046512e+00
1.514950e+00
1.461794e+00
1.621262e+00
1.514950e+00
1.435216e+00
1.355482e+00
1.887043e+00
1.355482e+00
1.302326e+00
1.488372e+00
1.355482e+00
1.196013e+00
1.302326e+00
6.112957e-01
1.328904e+00
9.302326e-01
9.833887e-01
8.770764e-01
1.063123e+00
1.275748e+00
8.239203e-01
6.378738e-01
2.126246e-01
3.189369e-01
6.644518e-01
0.000000e+00
3.455150e-01
9.036545e-01
5.315615e-01
4.784053e-01
0.000000e+00
2.126246e-01
3.455150e-01
2.126246e-01
7.973422e-01
2.126246e-01
3.986711e-01
8.504983e-01
4.252492e-01
9.302326e-01
7.707641e-01
7.973422e-01
3.720930e-01
3.720930e-01
7.176080e-01
1.275748e+00
9.833887e-01
1.275748e+00
1.488372e+00
6.378738e-01
5.847176e-01
1.196013e+00
1.116279e+00
1.568106e+00
1.488372e+00
1.302326e+00
1.461794e+00
1.408638e+00
1.116279e+00
1.621262e+00
7.973422e-01
1.063123e+00
1.727575e+00
1.647841e+00
1.408638e+00
1.488372e+00
1.833887e+00
1.700997e+00
1.727575e+00
1.621262e+00
2.019934e+00
1.355482e+00
1.408638e+00
1.488372e+00
1.408638e+00
1.355482e+00
1.355482e+00
7.973422e-01
1.700997e+00
1.275748e+00
9.568106e-01
1.036545e+00
1.275748e+00
9.568106e-01
7.973422e-01
2.923588e-01
2.657807e-02
5.315615e-01
9.036545e-01
1.860465e-01
4.784053e-01
1.328904e+00
6.378738e-01
6.910299e-01
1.860465e-01
7.973422e-02
2.126246e-01
2.126246e-01
5.847176e-01
2.392027e-01
4.518272e-01
8.504983e-01
4.252492e-01
7.176080e-01
5.049834e-01
5.847176e-01
4.784053e-01
2.657807e-02
6.378738e-01
1.249169e+00
8.239203e-01
1.089701e+00
1.541528e+00
4.784053e-01
4.252492e-01
9.568106e-01
1.116279e+00
1.435216e+00
1.435216e+00
1.435216e+00
1.116279e+00
1.514950e+00
1.222591e+00
1.727575e+00
8.504983e-01
1.408638e+00
1.488372e+00
1.435216e+00
1.541528e+00
1.275748e+00
1.435216e+00
1.355482e+00
1.488372e+00
1.196013e+00
2.179402e+00
1.461794e+00
1.355482e+00
1.089701e+00
1.647841e+00
1.435216e+00
1.514950e+00
1.328904e+00
1.674419e+00
1.727575e+00
1.063123e+00
1.461794e+00
1.249169e+00
1.089701e+00
9.302326e-01
3.189369e-01
4.252492e-01
3.720930e-01
1.036545e+00
4.784053e-01
7.176080e-01
1.461794e+00
7.441860e-01
6.378738e-01
2.126246e-01
1.594684e-01
2.923588e-01
1.063123e-01
4.252492e-01
2.392027e-01
4.518272e-01
5.847176e-01
3.189369e-01
5.049834e-01
3.986711e-01
6.378738e-01
6.378738e-01
1.594684e-01
4.252492e-01
9.568106e-01
5.049834e-01
8.770764e-01
7.176080e-01
9.833887e-01
2.923588e-01
3.720930e-01
7.707641e-01
1.568106e+00
1.382060e+00
1.435216e+00
1.488372e+00
1.514950e+00
1.169435e+00
1.382060e+00
1.142857e+00
1.036545e+00
1.488372e+00
1.514950e+00
1.328904e+00
1.408638e+00
1.435216e+00
1.488372e+00
1.408638e+00
1.727575e+00
1.860465e+00
1.700997e+00
1.249169e+00
1.408638e+00
1.541528e+00
1.621262e+00
1.355482e+00
1.249169e+00
1.833887e+00
1.488372e+00
1.142857e+00
1.647841e+00
1.328904e+00
1.275748e+00
1.089701e+00
3.189369e-01
8.504983e-01
7.441860e-01
8.239203e-01
5.847176e-01
8.239203e-01
1.621262e+00
1.009967e+00
4.784053e-01
0.000000e+00
2.392027e-01
7.973422e-01
0.000000e+00
2.392027e-01
4.252492e-01
5.049834e-01
7.176080e-01
2.126246e-01
2.126246e-01
4.252492e-01
4.252492e-01
7.176080e-01
1.860465e-01
4.518272e-01
8.239203e-01
5.049834e-01
6.644518e-01
7.176080e-01
1.142857e+00
3.720930e-01
2.392027e-01
7.707641e-01
1.408638e+00
1.435216e+00
1.222591e+00
1.514950e+00
9.036545e-01
7.973422e-01
1.116279e+00
1.222591e+00
1.249169e+00
1.249169e+00
1.488372e+00
1.249169e+00
1.594684e+00
1.355482e+00
1.674419e+00
1.302326e+00
1.621262e+00
1.674419e+00
1.887043e+00
1.302326e+00
1.594684e+00
1.754153e+00
1.382060e+00
1.355482e+00
1.222591e+00
1.860465e+00
1.461794e+00
1.169435e+00
1.461794e+00
1.435216e+00
1.328904e+00
1.302326e+00
5.581395e-01
1.328904e+00
1.036545e+00
7.441860e-01
1.036545e+00
9.302326e-01
1.382060e+00
8.770764e-01
5.581395e-01
7.973422e-02
2.392027e-01
9.302326e-01
2.657807e-02
1.063123e-01
1.063123e+00
6.112957e-01
6.112957e-01
0.000000e+00
2.126246e-01
3.455150e-01
2.126246e-01
7.973422e-01
1.860465e-01
2.923588e-01
8.239203e-01
5.049834e-01
5.315615e-01
6.378738e-01
6.644518e-01
4.784053e-01
0.000000e+00
5.847176e-01
1.302326e+00
9.568106e-01
1.222591e+00
1.328904e+00
1.089701e+00
5.315615e-01
1.009967e+00
1.116279e+00
1.275748e+00
1.275748e+00
1.435216e+00
1.382060e+00
1.568106e+00
1.222591e+00
1.541528e+00
1.063123e+00
1.408638e+00
1.621262e+00
1.621262e+00
1.222591e+00
1.647841e+00
1.833887e+00
1.541528e+00
1.700997e+00
1.408638e+00
1.993355e+00
1.647841e+00
1.275748e+00
1.382060e+00
1.488372e+00
1.408638e+00
1.408638e+00
7.176080e-01
1.700997e+00
1.222591e+00
8.770764e-01
1.169435e+00
1.089701e+00
1.355482e+00
6.644518e-01
2.923588e-01
7.973422e-02
2.657807e-01
1.036545e+00
2.392027e-01
3.189369e-01
1.328904e+00
8.239203e-01
8.239203e-01
0.000000e+00
2.657807e-01
2.126246e-01
2.126246e-01
5.847176e-01
1.860465e-01
3.720930e-01
5.581395e-01
3.455150e-01
2.923588e-01
5.581395e-01
6.910299e-01
6.378738e-01
1.594684e-01
4.252492e-01
1.222591e+00
1.036545e+00
1.009967e+00
1.169435e+00
1.036545e+00
2.923588e-01
8.239203e-01
1.089701e+00
1.382060e+00
1.036545e+00
1.621262e+00
1.142857e+00
1.514950e+00
1.355482e+00
1.568106e+00
1.116279e+00
1.435216e+00
1.435216e+00
1.541528e+00
1.435216e+00
1.408638e+00
1.568106e+00
1.089701e+00
1.514950e+00
1.382060e+00
1.993355e+00
1.514950e+00
1.169435e+00
1.302326e+00
1.435216e+00
1.780731e+00
1.302326e+00
1.036545e+00
1.807309e+00
1.700997e+00
1.036545e+00
1.461794e+00
1.435216e+00
1.063123e+00
9.833887e-01
2.657807e-01
4.784053e-01
2.923588e-01
1.036545e+00
4.518272e-01
3.986711e-01
1.700997e+00
9.302326e-01
7.707641e-01
0.000000e+00
2.392027e-01
4.252492e-01
1.063123e-01
4.252492e-01
1.860465e-01
3.720930e-01
