1.899666e+00
1.792642e+00
1.230769e+00
1.311037e+00
1.632107e+00
1.739130e+00
1.525084e+00
1.444816e+00
1.846154e+00
1.016722e+00
1.391304e+00
1.204013e+00
1.150502e+00
5.618729e-01
1.070234e+00
1.739130e+00
1.016722e+00
1.311037e+00
6.956522e-01
7.491639e-01
9.096990e-01
6.956522e-01
9.632107e-01
1.311037e+00
3.478261e-01
7.759197e-01
4.816054e-01
0.000000e+00
4.280936e-01
4.013378e-01
2.140468e-01
5.618729e-01
2.675585e-01
4.013378e-01
5.886288e-01
8.026756e-01
1.872910e-01
4.013378e-01
5.618729e-01
5.886288e-01
5.886288e-01
9.096990e-01
1.016722e+00
4.816054e-01
2.675585e-01
1.016722e+00
2.140468e-01
4.548495e-01
1.150502e+00
1.525084e+00
1.337793e+00
1.230769e+00
1.337793e+00
1.284281e+00
9.364548e-01
1.364548e+00
1.498328e+00
1.043478e+00
1.632107e+00
1.391304e+00
1.658863e+00
1.632107e+00
1.257525e+00
1.551839e+00
1.204013e+00
1.765886e+00
1.444816e+00
1.498328e+00
1.311037e+00
1.658863e+00
1.578595e+00
1.979933e+00
2.408027e+00
1.311037e+00
1.257525e+00
1.150502e+00
1.685619e+00
1.070234e+00
1.364548e+00
1.391304e+00
1.016722e+00
1.284281e+00
1.016722e+00
5.886288e-01
7.491639e-01
5.351171e-01
9.899666e-01
1.177258e+00
6.153846e-01
8.561873e-01
5.083612e-01
2.408027e-01
6.153846e-01
4.013378e-01
1.070234e-01
1.016722e+00
3.210702e-01
4.013378e-01
5.351171e-01
3.210702e-01
2.140468e-01
2.943144e-01
5.886288e-01
5.083612e-01
6.153846e-01
6.688963e-01
8.829431e-01
6.153846e-01
3.478261e-01
8.829431e-01
1.872910e-01
2.675585e-01
8.829431e-01
1.337793e+00
1.123746e+00
1.150502e+00
1.016722e+00
1.257525e+00
8.561873e-01
1.311037e+00
1.551839e+00
1.150502e+00
1.605351e+00
1.605351e+00
1.632107e+00
1.632107e+00
1.070234e+00
1.364548e+00
1.311037e+00
1.471572e+00
1.311037e+00
1.364548e+00
1.391304e+00
1.498328e+00
1.311037e+00
1.712375e+00
2.113712e+00
1.605351e+00
1.605351e+00
1.150502e+00
1.765886e+00
1.525084e+00
1.525084e+00
1.525084e+00
1.471572e+00
1.204013e+00
1.123746e+00
1.043478e+00
8.026756e-01
2.943144e-01
9.632107e-01
1.444816e+00
6.153846e-01
9.364548e-01
5.351171e-01
3.210702e-01
7.224080e-01
6.421405e-01
3.745819e-01
8.829431e-01
1.872910e-01
4.013378e-01
4.013378e-01
2.675585e-01
2.140468e-01
2.140468e-01
4.280936e-01
5.083612e-01
5.886288e-01
5.618729e-01
5.618729e-01
6.688963e-01
3.745819e-01
8.294314e-01
4.280936e-01
5.618729e-01
6.153846e-01
1.391304e+00
1.337793e+00
6.956522e-01
5.083612e-01
9.364548e-01
4.548495e-01
8.829431e-01
1.712375e+00
1.204013e+00
1.498328e+00
1.658863e+00
1.792642e+00
1.792642e+00
1.257525e+00
1.498328e+00
1.444816e+00
1.204013e+00
1.498328e+00
1.418060e+00
1.819398e+00
1.658863e+00
1.525084e+00
1.739130e+00
2.060201e+00
1.819398e+00
1.712375e+00
1.525084e+00
1.632107e+00
1.498328e+00
1.418060e+00
1.632107e+00
1.471572e+00
1.257525e+00
9.364548e-01
9.632107e-01
9.096990e-01
3.210702e-01
1.043478e+00
1.525084e+00
1.096990e+00
1.070234e+00
8.026756e-01
4.280936e-01
9.364548e-01
6.956522e-01
5.083612e-01
1.016722e+00
1.337793e-01
6.153846e-01
3.745819e-01
1.872910e-01
2.140468e-01
4.280936e-01
3.210702e-01
5.351171e-01
5.083612e-01
4.548495e-01
6.153846e-01
7.224080e-01
3.745819e-01
5.351171e-01
5.351171e-01
6.421405e-01
5.351171e-01
1.123746e+00
1.284281e+00
5.618729e-01
2.675585e-01
1.016722e+00
2.140468e-01
6.688963e-01
1.364548e+00
1.230769e+00
1.150502e+00
1.364548e+00
1.418060e+00
1.578595e+00
1.177258e+00
1.257525e+00
1.391304e+00
1.471572e+00
9.632107e-01
1.846154e+00
1.311037e+00
1.953177e+00
1.391304e+00
1.337793e+00
2.301003e+00
1.632107e+00
1.471572e+00
1.257525e+00
1.337793e+00
1.846154e+00
1.418060e+00
1.311037e+00
1.712375e+00
1.418060e+00
1.578595e+00
1.043478e+00
1.284281e+00
6.153846e-01
9.364548e-01
1.391304e+00
1.337793e+00
1.150502e+00
9.632107e-01
5.351171e-01
9.632107e-01
5.886288e-01
9.096990e-01
1.204013e+00
4.548495e-01
8.294314e-01
5.618729e-01
5.351171e-02
3.478261e-01
4.816054e-01
2.140468e-01
2.675585e-01
2.675585e-01
4.280936e-01
4.548495e-01
7.759197e-01
3.478261e-01
4.013378e-01
5.618729e-01
5.618729e-01
6.956522e-01
9.899666e-01
6.688963e-01
7.224080e-01
2.408027e-01
1.150502e+00
2.408027e-01
2.408027e-01
1.498328e+00
1.230769e+00
1.658863e+00
8.026756e-01
1.204013e+00
1.712375e+00
5.083612e-01
1.551839e+00
1.444816e+00
1.498328e+00
1.230769e+00
1.632107e+00
1.444816e+00
1.872910e+00
1.204013e+00
1.284281e+00
1.846154e+00
1.444816e+00
1.444816e+00
1.632107e+00
1.204013e+00
1.632107e+00
1.632107e+00
1.605351e+00
2.006689e+00
1.765886e+00
1.471572e+00
1.016722e+00
1.525084e+00
1.364548e+00
1.123746e+00
1.364548e+00
1.123746e+00
1.230769e+00
1.284281e+00
4.548495e-01
7.224080e-01
4.548495e-01
8.829431e-01
1.204013e+00
9.632107e-01
9.096990e-01
6.421405e-01
1.605351e-01
6.153846e-01
4.548495e-01
1.070234e-01
5.083612e-01
4.013378e-01
4.280936e-01
3.745819e-01
4.816054e-01
2.140468e-01
2.943144e-01
5.886288e-01
4.013378e-01
5.083612e-01
7.491639e-01
5.351171e-01
8.294314e-01
3.478261e-01
1.043478e+00
1.872910e-01
2.675585e-01
1.364548e+00
1.123746e+00
1.337793e+00
8.294314e-01
9.632107e-01
1.632107e+00
4.548495e-01
1.230769e+00
1.819398e+00
1.364548e+00
1.204013e+00
1.498328e+00
1.605351e+00
2.140468e+00
1.204013e+00
1.578595e+00
1.605351e+00
1.578595e+00
1.204013e+00
1.444816e+00
1.123746e+00
1.739130e+00
1.337793e+00
1.337793e+00
2.274247e+00
1.551839e+00
1.846154e+00
1.337793e+00
1.391304e+00
1.739130e+00
1.337793e+00
1.337793e+00
1.311037e+00
1.498328e+00
1.337793e+00
7.491639e-01
9.364548e-01
4.013378e-01
7.491639e-01
1.364548e+00
8.294314e-01
9.096990e-01
7.224080e-01
2.140468e-01
7.491639e-01
5.083612e-01
4.280936e-01
6.688963e-01
4.013378e-01
4.548495e-01
2.408027e-01
4.280936e-01
2.140468e-01
2.140468e-01
4.280936e-01
2.408027e-01
4.816054e-01
6.421405e-01
3.745819e-01
7.224080e-01
3.745819e-01
9.899666e-01
4.280936e-01
5.618729e-01
9.364548e-01
1.150502e+00
1.391304e+00
6.421405e-01
6.421405e-01
1.016722e+00
2.675585e-01
7.759197e-01
1.605351e+00
1.016722e+00
1.364548e+00
9.632107e-01
1.391304e+00
1.792642e+00
8.294314e-01
1.578595e+00
1.551839e+00
1.444816e+00
1.043478e+00
1.712375e+00
1.444816e+00
2.033445e+00
1.632107e+00
1.444816e+00
2.381271e+00
1.792642e+00
1.819398e+00
1.632107e+00
1.364548e+00
1.658863e+00
1.257525e+00
1.391304e+00
1.123746e+00
1.551839e+00
1.337793e+00
7.491639e-01
9.899666e-01
4.548495e-01
8.829431e-01
1.337793e+00
1.418060e+00
1.043478e+00
9.899666e-01
2.408027e-01
9.632107e-01
5.886288e-01
4.816054e-01
8.294314e-01
3.745819e-01
6.421405e-01
2.140468e-01
3.478261e-01
2.140468e-01
4.280936e-01
3.210702e-01
2.675585e-01
4.280936e-01
5.083612e-01
4.816054e-01
7.224080e-01
3.745819e-01
6.956522e-01
5.351171e-01
6.421405e-01
7.759197e-01
1.150502e+00
1.070234e+00
6.688963e-01
2.943144e-01
1.096990e+00
2.408027e-01
3.745819e-01
1.418060e+00
9.632107e-01
1.658863e+00
1.070234e+00
1.284281e+00
1.284281e+00
1.016722e+00
1.471572e+00
1.337793e+00
1.418060e+00
1.311037e+00
1.578595e+00
1.498328e+00
1.632107e+00
1.418060e+00
1.471572e+00
1.899666e+00
1.739130e+00
1.578595e+00
1.311037e+00
1.471572e+00
1.792642e+00
1.525084e+00
1.257525e+00
2.060201e+00
1.498328e+00
1.284281e+00
1.177258e+00
1.257525e+00
8.026756e-01
7.224080e-01
1.177258e+00
1.043478e+00
1.364548e+00
1.204013e+00
2.408027e-01
1.123746e+00
6.153846e-01
7.759197e-01
1.284281e+00
4.548495e-01
6.956522e-01
7.224080e-01
8.026756e-02
2.675585e-02
6.153846e-01
4.013378e-01
2.140468e-01
4.816054e-01
4.280936e-01
2.408027e-01
9.364548e-01
3.478261e-01
3.210702e-01
6.956522e-01
3.478261e-01
6.421405e-01
8.294314e-01
6.688963e-01
9.096990e-01
2.675585e-01
8.829431e-01
3.210702e-01
4.280936e-01
1.257525e+00
9.364548e-01
1.284281e+00
1.123746e+00
1.016722e+00
1.284281e+00
6.956522e-01
1.337793e+00
1.311037e+00
1.444816e+00
1.391304e+00
1.525084e+00
1.578595e+00
1.632107e+00
1.284281e+00
1.444816e+00
1.792642e+00
1.471572e+00
1.525084e+00
1.525084e+00
1.471572e+00
1.498328e+00
1.685619e+00
1.471572e+00
2.113712e+00
1.819398e+00
1.418060e+00
1.150502e+00
1.471572e+00
1.391304e+00
1.096990e+00
1.177258e+00
9.364548e-01
1.311037e+00
1.418060e+00
4.280936e-01
7.224080e-01
4.816054e-01
7.491639e-01
1.311037e+00
8.561873e-01
9.364548e-01
8.026756e-01
2.675585e-02
6.153846e-01
4.280936e-01
2.943144e-01
4.013378e-01
5.886288e-01
4.280936e-01
2.140468e-01
6.421405e-01
0.000000e+00
4.013378e-01
6.956522e-01
2.140468e-01
4.816054e-01
5.886288e-01
6.153846e-01
8.829431e-01
4.013378e-01
8.294314e-01
3.745819e-01
2.943144e-01
1.070234e+00
7.224080e-01
1.337793e+00
9.364548e-01
7.224080e-01
8.294314e-01
3.478261e-01
8.561873e-01
1.471572e+00
1.525084e+00
1.337793e+00
1.632107e+00
1.525084e+00
1.739130e+00
1.605351e+00
1.578595e+00
1.525084e+00
1.525084e+00
1.364548e+00
1.230769e+00
1.471572e+00
1.471572e+00
1.311037e+00
1.471572e+00
2.167224e+00
1.685619e+00
1.739130e+00
1.578595e+00
1.257525e+00
1.792642e+00
1.364548e+00
1.230769e+00
1.364548e+00
1.632107e+00
1.391304e+00
5.618729e-01
1.070234e+00
4.548495e-01
5.886288e-01
1.284281e+00
6.421405e-01
8.829431e-01
9.632107e-01
2.675585e-02
8.294314e-01
4.548495e-01
5.886288e-01
6.421405e-01
5.083612e-01
4.548495e-01
2.140468e-01
4.548495e-01
0.000000e+00
4.280936e-01
4.280936e-01
1.337793e-01
5.886288e-01
5.083612e-01
3.210702e-01
8.829431e-01
4.013378e-01
7.759197e-01
6.421405e-01
4.548495e-01
8.294314e-01
9.364548e-01
1.016722e+00
8.294314e-01
3.745819e-01
7.759197e-01
4.280936e-01
4.816054e-01
1.284281e+00
1.096990e+00
1.311037e+00
1.230769e+00
1.444816e+00
1.337793e+00
1.337793e+00
1.498328e+00
1.578595e+00
1.444816e+00
1.311037e+00
1.337793e+00
1.685619e+00
1.792642e+00
1.525084e+00
1.632107e+00
2.006689e+00
1.792642e+00
1.953177e+00
1.872910e+00
1.257525e+00
1.685619e+00
1.364548e+00
1.364548e+00
1.525084e+00
1.578595e+00
1.043478e+00
8.026756e-01
1.070234e+00
6.688963e-01
5.083612e-01
1.230769e+00
1.043478e+00
1.311037e+00
1.204013e+00
0.000000e+00
1.043478e+00
6.153846e-01
5.886288e-01
7.491639e-01
4.280936e-01
4.548495e-01
3.745819e-01
3.745819e-01
0.000000e+00
4.548495e-01
5.083612e-01
2.140468e-01
6.421405e-01
3.210702e-01
4.548495e-01
8.561873e-01
4.013378e-01
6.153846e-01
6.153846e-01
4.816054e-01
8.026756e-01
5.351171e-01
8.561873e-01
8.561873e-01
4.816054e-01
6.421405e-01
5.618729e-01
2.140468e-01
1.551839e+00
1.204013e+00
1.391304e+00
1.043478e+00
1.284281e+00
1.311037e+00
1.230769e+00
1.150502e+00
1.525084e+00
1.364548e+00
1.204013e+00
1.418060e+00
1.605351e+00
1.551839e+00
1.739130e+00
1.257525e+00
2.006689e+00
1.712375e+00
1.632107e+00
1.150502e+00
1.471572e+00
1.899666e+00
1.204013e+00
1.498328e+00
1.979933e+00
1.578595e+00
1.337793e+00
1.150502e+00
1.096990e+00
1.230769e+00
7.759197e-01
8.294314e-01
1.311037e+00
1.284281e+00
8.561873e-01
5.618729e-01
1.016722e+00
8.829431e-01
4.816054e-01
1.257525e+00
4.280936e-01
4.013378e-01
7.224080e-01
4.013378e-01
2.675585e-02
5.886288e-01
2.140468e-01
4.280936e-01
6.421405e-01
3.478261e-01
1.605351e-01
8.026756e-01
5.618729e-01
2.140468e-01
5.083612e-01
5.618729e-01
5.886288e-01
4.816054e-01
6.688963e-01
8.829431e-01
4.013378e-01
6.421405e-01
5.886288e-01
2.140468e-01
1.418060e+00
1.123746e+00
1.257525e+00
7.759197e-01
1.257525e+00
1.070234e+00
1.016722e+00
1.016722e+00
1.632107e+00
1.257525e+00
1.070234e+00
1.498328e+00
1.819398e+00
1.551839e+00
1.658863e+00
1.123746e+00
2.033445e+00
1.364548e+00
1.605351e+00
1.444816e+00
1.444816e+00
1.498328e+00
1.444816e+00
1.605351e+00
1.979933e+00
1.872910e+00
1.551839e+00
1.016722e+00
1.337793e+00
1.819398e+00
1.070234e+00
9.899666e-01
1.070234e+00
1.311037e+00
1.123746e+00
7.491639e-01
6.421405e-01
7.224080e-01
4.548495e-01
1.284281e+00
8.561873e-01
6.956522e-01
7.224080e-01
4.280936e-01
4.013378e-01
6.153846e-01
2.408027e-01
4.013378e-01
6.688963e-01
3.210702e-01
1.605351e-01
5.886288e-01
2.408027e-01
4.013378e-01
2.408027e-01
5.618729e-01
7.759197e-01
4.816054e-01
3.210702e-01
8.026756e-01
4.280936e-01
6.421405e-01
5.618729e-01
5.618729e-01
1.257525e+00
6.956522e-01
1.391304e+00
9.096990e-01
8.294314e-01
5.618729e-01
7.224080e-01
4.548495e-01
1.632107e+00
1.498328e+00
1.070234e+00
1.364548e+00
1.792642e+00
1.819398e+00
1.765886e+00
1.471572e+00
1.658863e+00
1.578595e+00
1.364548e+00
1.284281e+00
1.364548e+00
1.391304e+00
1.364548e+00
1.364548e+00
2.086957e+00
1.765886e+00
1.712375e+00
1.284281e+00
1.418060e+00
2.006689e+00
1.257525e+00
1.284281e+00
1.525084e+00
1.444816e+00
1.284281e+00
8.561873e-01
8.829431e-01
8.294314e-01
4.280936e-01
1.096990e+00
7.759197e-01
7.224080e-01
7.759197e-01
4.548495e-01
6.153846e-01
6.421405e-01
4.816054e-01
5.618729e-01
5.351171e-01
2.408027e-01
2.408027e-01
4.280936e-01
2.140468e-01
4.280936e-01
1.337793e-01
4.013378e-01
8.829431e-01
3.745819e-01
2.408027e-01
8.026756e-01
5.083612e-01
4.816054e-01
5.083612e-01
5.886288e-01
9.096990e-01
7.491639e-01
1.096990e+00
9.096990e-01
5.886288e-01
5.618729e-01
6.421405e-01
2.140468e-01
1.498328e+00
1.123746e+00
1.150502e+00
1.016722e+00
1.418060e+00
1.418060e+00
1.578595e+00
1.337793e+00
1.578595e+00
1.658863e+00
1.150502e+00
1.284281e+00
1.658863e+00
1.846154e+00
1.525084e+00
1.605351e+00
2.247492e+00
1.632107e+00
1.926421e+00
1.551839e+00
1.685619e+00
1.551839e+00
1.391304e+00
1.311037e+00
1.498328e+00
1.498328e+00
1.284281e+00
8.294314e-01
8.026756e-01
1.150502e+00
3.210702e-01
1.043478e+00
1.204013e+00
1.177258e+00
8.829431e-01
5.618729e-01
7.491639e-01
8.829431e-01
4.816054e-01
6.153846e-01
4.280936e-01
2.140468e-01
4.280936e-01
4.280936e-01
1.337793e-01
4.280936e-01
2.675585e-01
4.816054e-01
