8.096386e-01
4.240964e-01
7.967871e-01
1.259438e+00
9.253012e-01
1.040964e+00
8.353414e-01
1.028112e+00
1.092369e+00
8.224900e-01
1.169478e+00
1.400803e+00
9.638554e-01
8.096386e-01
6.682731e-01
8.738956e-01
8.224900e-01
7.582329e-01
7.967871e-01
8.481928e-01
5.526104e-01
1.169478e+00
6.040161e-01
9.767068e-01
9.381526e-01
9.124498e-01
1.079518e+00
7.068273e-01
4.755020e-01
8.353414e-01
1.015261e+00
1.053815e+00
1.310843e+00
1.465060e+00
8.738956e-01
9.895582e-01
1.143775e+00
1.272289e+00
1.336546e+00
1.040964e+00
1.130924e+00
1.722088e+00
7.325301e-01
1.182329e+00
1.246586e+00
1.015261e+00
1.323695e+00
1.426506e+00
1.079518e+00
8.096386e-01
1.118072e+00
1.105221e+00
9.381526e-01
1.195181e+00
1.477912e+00
9.124498e-01
1.169478e+00
5.526104e-01
8.096386e-01
6.168675e-01
1.182329e+00
1.169478e+00
1.015261e+00
1.169478e+00
1.028112e+00
3.212851e-01
7.453815e-01
1.118072e+00
1.092369e+00
1.053815e+00
9.767068e-01
1.066667e+00
7.196787e-01
8.610442e-01
1.079518e+00
1.426506e+00
6.168675e-01
1.015261e+00
7.839357e-01
8.353414e-01
9.767068e-01
6.682731e-01
8.353414e-01
8.610442e-01
8.481928e-01
9.638554e-01
5.911647e-01
9.253012e-01
9.124498e-01
8.738956e-01
1.208032e+00
9.253012e-01
4.497992e-01
1.015261e+00
7.710843e-01
1.169478e+00
1.195181e+00
1.259438e+00
7.453815e-01
7.967871e-01
1.015261e+00
9.638554e-01
1.323695e+00
1.028112e+00
1.118072e+00
1.696386e+00
7.325301e-01
1.182329e+00
1.195181e+00
1.169478e+00
1.323695e+00
1.375100e+00
1.182329e+00
1.118072e+00
8.610442e-01
1.118072e+00
1.118072e+00
1.169478e+00
1.555020e+00
8.224900e-01
1.220884e+00
6.682731e-01
1.169478e+00
6.811245e-01
1.092369e+00
1.156627e+00
9.510040e-01
1.259438e+00
1.285141e+00
3.598394e-01
8.096386e-01
1.092369e+00
1.143775e+00
1.053815e+00
1.066667e+00
1.208032e+00
4.626506e-01
8.481928e-01
8.353414e-01
1.323695e+00
6.682731e-01
1.066667e+00
8.610442e-01
8.096386e-01
1.156627e+00
6.040161e-01
1.105221e+00
9.895582e-01
9.767068e-01
7.710843e-01
4.883534e-01
8.481928e-01
8.995984e-01
7.325301e-01
1.040964e+00
9.638554e-01
4.240964e-01
1.297992e+00
6.297189e-01
1.002410e+00
1.156627e+00
1.362249e+00
8.738956e-01
7.325301e-01
7.839357e-01
7.967871e-01
1.336546e+00
1.285141e+00
1.105221e+00
1.542169e+00
7.196787e-01
1.156627e+00
1.310843e+00
1.246586e+00
1.208032e+00
1.143775e+00
1.066667e+00
1.233735e+00
7.710843e-01
1.143775e+00
1.195181e+00
1.246586e+00
1.529317e+00
1.040964e+00
1.220884e+00
7.839357e-01
1.220884e+00
7.068273e-01
9.253012e-01
1.028112e+00
1.156627e+00
1.143775e+00
1.297992e+00
4.112450e-01
7.710843e-01
7.453815e-01
1.130924e+00
1.130924e+00
1.079518e+00
1.272289e+00
5.140562e-01
7.710843e-01
7.839357e-01
1.375100e+00
7.582329e-01
1.066667e+00
8.481928e-01
9.510040e-01
1.195181e+00
5.654618e-01
1.169478e+00
1.220884e+00
1.053815e+00
6.811245e-01
4.755020e-01
8.481928e-01
8.738956e-01
7.582329e-01
8.738956e-01
8.867470e-01
4.883534e-01
1.387952e+00
7.710843e-01
8.096386e-01
1.040964e+00
1.182329e+00
1.002410e+00
6.168675e-01
6.554217e-01
7.196787e-01
1.118072e+00
1.272289e+00
1.272289e+00
1.632129e+00
8.224900e-01
1.182329e+00
1.272289e+00
1.285141e+00
1.195181e+00
1.066667e+00
9.124498e-01
1.375100e+00
7.196787e-01
1.169478e+00
1.208032e+00
1.195181e+00
1.490763e+00
1.297992e+00
1.246586e+00
7.710843e-01
1.233735e+00
9.124498e-01
8.610442e-01
1.040964e+00
1.297992e+00
9.638554e-01
1.362249e+00
6.168675e-01
7.196787e-01
5.269076e-01
1.092369e+00
1.362249e+00
9.638554e-01
1.040964e+00
8.096386e-01
5.397590e-01
6.040161e-01
1.208032e+00
1.028112e+00
9.895582e-01
9.895582e-01
9.510040e-01
9.638554e-01
9.381526e-01
1.066667e+00
1.413655e+00
1.040964e+00
8.867470e-01
4.626506e-01
1.028112e+00
9.638554e-01
5.911647e-01
7.325301e-01
9.767068e-01
4.240964e-01
1.272289e+00
5.911647e-01
9.767068e-01
7.710843e-01
1.015261e+00
1.028112e+00
8.481928e-01
5.526104e-01
8.353414e-01
8.481928e-01
1.118072e+00
1.272289e+00
1.400803e+00
9.767068e-01
1.079518e+00
1.169478e+00
1.156627e+00
1.516466e+00
8.610442e-01
9.767068e-01
1.709237e+00
7.839357e-01
1.105221e+00
1.246586e+00
1.182329e+00
1.220884e+00
1.555020e+00
1.130924e+00
5.911647e-01
1.413655e+00
8.224900e-01
1.053815e+00
1.118072e+00
1.323695e+00
1.182329e+00
1.413655e+00
6.425703e-01
1.130924e+00
5.140562e-01
1.130924e+00
1.323695e+00
8.610442e-01
1.182329e+00
1.092369e+00
4.497992e-01
5.911647e-01
1.015261e+00
1.143775e+00
1.053815e+00
1.130924e+00
9.253012e-01
5.397590e-01
9.767068e-01
9.638554e-01
1.465060e+00
6.297189e-01
1.040964e+00
6.554217e-01
1.066667e+00
1.156627e+00
5.397590e-01
7.839357e-01
9.638554e-01
7.582329e-01
1.040964e+00
5.397590e-01
8.867470e-01
7.967871e-01
9.381526e-01
1.040964e+00
1.156627e+00
4.755020e-01
1.143775e+00
5.911647e-01
1.182329e+00
1.130924e+00
1.182329e+00
9.253012e-01
8.481928e-01
1.040964e+00
8.096386e-01
1.426506e+00
9.638554e-01
1.066667e+00
1.670683e+00
7.582329e-01
1.130924e+00
1.220884e+00
1.285141e+00
1.246586e+00
1.413655e+00
1.053815e+00
1.002410e+00
1.130924e+00
8.867470e-01
1.208032e+00
1.105221e+00
1.465060e+00
1.092369e+00
1.426506e+00
6.425703e-01
1.375100e+00
4.755020e-01
9.638554e-01
1.195181e+00
9.510040e-01
1.156627e+00
1.362249e+00
5.269076e-01
6.040161e-01
9.638554e-01
1.246586e+00
1.105221e+00
1.195181e+00
1.015261e+00
3.855422e-01
9.124498e-01
7.325301e-01
1.349398e+00
6.425703e-01
1.066667e+00
7.325301e-01
1.053815e+00
1.233735e+00
6.168675e-01
9.510040e-01
1.130924e+00
8.867470e-01
8.867470e-01
3.983936e-01
8.353414e-01
7.453815e-01
7.582329e-01
8.224900e-01
1.208032e+00
4.240964e-01
1.426506e+00
5.397590e-01
1.066667e+00
1.182329e+00
1.259438e+00
1.130924e+00
7.710843e-01
8.096386e-01
6.425703e-01
1.400803e+00
1.130924e+00
1.015261e+00
1.477912e+00
7.325301e-01
1.182329e+00
1.349398e+00
1.310843e+00
1.208032e+00
1.156627e+00
8.995984e-01
1.208032e+00
9.767068e-01
8.995984e-01
1.285141e+00
1.169478e+00
1.490763e+00
1.297992e+00
1.336546e+00
5.911647e-01
1.503614e+00
6.297189e-01
9.124498e-01
1.118072e+00
1.105221e+00
1.130924e+00
1.529317e+00
5.397590e-01
6.168675e-01
6.425703e-01
1.169478e+00
1.233735e+00
1.092369e+00
1.015261e+00
3.726908e-01
9.124498e-01
6.040161e-01
1.362249e+00
8.096386e-01
1.040964e+00
8.610442e-01
1.105221e+00
1.208032e+00
5.783133e-01
1.053815e+00
1.336546e+00
1.028112e+00
8.096386e-01
3.084337e-01
8.867470e-01
8.096386e-01
7.196787e-01
7.453815e-01
1.028112e+00
3.983936e-01
1.490763e+00
7.325301e-01
9.253012e-01
9.767068e-01
1.182329e+00
1.130924e+00
7.325301e-01
6.682731e-01
6.297189e-01
1.105221e+00
1.182329e+00
1.169478e+00
1.542169e+00
8.610442e-01
1.272289e+00
1.387952e+00
1.182329e+00
1.310843e+00
1.002410e+00
8.481928e-01
1.336546e+00
8.096386e-01
9.767068e-01
1.233735e+00
1.297992e+00
1.400803e+00
1.465060e+00
9.638554e-01
6.425703e-01
1.452209e+00
5.783133e-01
1.246586e+00
9.381526e-01
1.400803e+00
1.413655e+00
1.503614e+00
6.040161e-01
6.811245e-01
6.297189e-01
9.895582e-01
1.387952e+00
8.353414e-01
1.053815e+00
8.096386e-01
7.453815e-01
5.397590e-01
1.079518e+00
9.767068e-01
9.124498e-01
1.130924e+00
9.253012e-01
8.867470e-01
8.610442e-01
1.053815e+00
1.323695e+00
1.169478e+00
1.053815e+00
4.240964e-01
1.028112e+00
1.040964e+00
5.526104e-01
6.811245e-01
1.105221e+00
2.827309e-01
1.143775e+00
7.582329e-01
9.638554e-01
7.582329e-01
9.767068e-01
1.053815e+00
8.995984e-01
6.554217e-01
6.168675e-01
9.895582e-01
1.066667e+00
1.002410e+00
1.426506e+00
1.066667e+00
1.130924e+00
1.105221e+00
1.208032e+00
1.503614e+00
9.895582e-01
1.156627e+00
1.490763e+00
1.028112e+00
9.638554e-01
1.233735e+00
1.195181e+00
1.156627e+00
1.555020e+00
8.096386e-01
1.066667e+00
1.323695e+00
5.911647e-01
1.272289e+00
1.040964e+00
1.439357e+00
1.400803e+00
1.477912e+00
6.040161e-01
1.015261e+00
7.582329e-01
1.053815e+00
1.169478e+00
8.481928e-01
1.272289e+00
1.130924e+00
7.453815e-01
5.140562e-01
8.610442e-01
1.028112e+00
1.092369e+00
1.208032e+00
8.224900e-01
5.397590e-01
7.453815e-01
9.895582e-01
1.349398e+00
9.381526e-01
1.015261e+00
6.297189e-01
1.130924e+00
1.220884e+00
5.911647e-01
6.939759e-01
1.040964e+00
5.526104e-01
1.079518e+00
6.425703e-01
8.481928e-01
7.068273e-01
9.381526e-01
1.079518e+00
1.169478e+00
5.783133e-01
8.995984e-01
8.481928e-01
1.105221e+00
9.767068e-01
1.156627e+00
1.015261e+00
9.638554e-01
9.767068e-01
8.995984e-01
1.285141e+00
1.053815e+00
1.259438e+00
1.452209e+00
9.253012e-01
9.767068e-01
1.259438e+00
1.259438e+00
1.297992e+00
1.362249e+00
8.481928e-01
1.169478e+00
1.195181e+00
6.682731e-01
1.182329e+00
1.259438e+00
1.477912e+00
1.426506e+00
1.477912e+00
5.397590e-01
1.349398e+00
5.911647e-01
1.002410e+00
1.028112e+00
8.610442e-01
1.336546e+00
1.400803e+00
7.839357e-01
5.269076e-01
9.124498e-01
1.092369e+00
1.143775e+00
1.220884e+00
9.381526e-01
4.497992e-01
6.939759e-01
8.224900e-01
1.143775e+00
8.867470e-01
1.066667e+00
7.196787e-01
1.092369e+00
1.195181e+00
7.582329e-01
7.582329e-01
1.233735e+00
7.967871e-01
8.738956e-01
5.526104e-01
7.710843e-01
6.297189e-01
8.224900e-01
8.738956e-01
1.220884e+00
4.755020e-01
1.169478e+00
7.839357e-01
1.015261e+00
1.156627e+00
1.105221e+00
1.182329e+00
9.124498e-01
8.096386e-01
6.554217e-01
1.285141e+00
1.220884e+00
9.638554e-01
1.426506e+00
8.481928e-01
1.028112e+00
1.413655e+00
1.259438e+00
1.297992e+00
1.195181e+00
1.002410e+00
1.208032e+00
9.895582e-01
7.967871e-01
1.169478e+00
1.349398e+00
1.349398e+00
1.503614e+00
1.233735e+00
6.168675e-01
1.465060e+00
5.526104e-01
1.079518e+00
9.124498e-01
1.130924e+00
1.336546e+00
1.593574e+00
7.068273e-01
6.040161e-01
6.682731e-01
1.028112e+00
1.285141e+00
1.015261e+00
9.381526e-01
4.883534e-01
8.224900e-01
6.168675e-01
1.233735e+00
8.995984e-01
9.638554e-01
9.510040e-01
1.092369e+00
1.105221e+00
6.939759e-01
8.738956e-01
1.323695e+00
1.040964e+00
9.767068e-01
3.341365e-01
8.610442e-01
7.453815e-01
7.325301e-01
7.839357e-01
1.079518e+00
3.341365e-01
1.272289e+00
9.253012e-01
9.767068e-01
9.895582e-01
1.092369e+00
1.118072e+00
8.867470e-01
6.811245e-01
5.397590e-01
1.130924e+00
1.169478e+00
9.638554e-01
1.426506e+00
1.105221e+00
1.169478e+00
1.426506e+00
1.156627e+00
1.362249e+00
1.118072e+00
1.439357e+00
1.259438e+00
1.323695e+00
8.224900e-01
1.220884e+00
1.323695e+00
1.028112e+00
1.362249e+00
8.610442e-01
9.124498e-01
1.143775e+00
7.967871e-01
1.259438e+00
8.867470e-01
1.323695e+00
1.452209e+00
1.272289e+00
8.353414e-01
6.168675e-01
7.325301e-01
8.224900e-01
1.259438e+00
1.066667e+00
1.079518e+00
9.253012e-01
7.967871e-01
3.983936e-01
1.079518e+00
9.895582e-01
1.066667e+00
9.638554e-01
8.995984e-01
8.738956e-01
8.738956e-01
8.867470e-01
1.156627e+00
1.400803e+00
9.381526e-01
7.325301e-01
9.381526e-01
1.079518e+00
6.168675e-01
7.325301e-01
9.638554e-01
5.397590e-01
8.738956e-01
9.638554e-01
7.582329e-01
8.610442e-01
8.867470e-01
1.118072e+00
9.510040e-01
7.068273e-01
4.497992e-01
1.002410e+00
1.040964e+00
9.124498e-01
1.310843e+00
1.400803e+00
9.638554e-01
1.015261e+00
1.220884e+00
1.387952e+00
1.220884e+00
1.465060e+00
1.220884e+00
1.285141e+00
7.839357e-01
1.220884e+00
1.336546e+00
1.182329e+00
1.297992e+00
8.096386e-01
1.130924e+00
1.259438e+00
6.811245e-01
1.246586e+00
1.105221e+00
1.297992e+00
1.413655e+00
1.208032e+00
8.995984e-01
8.481928e-01
9.895582e-01
8.995984e-01
1.079518e+00
9.895582e-01
1.285141e+00
1.182329e+00
9.124498e-01
2.955823e-01
9.510040e-01
9.767068e-01
1.118072e+00
1.169478e+00
7.967871e-01
5.783133e-01
6.939759e-01
8.738956e-01
1.169478e+00
1.272289e+00
8.481928e-01
8.096386e-01
1.092369e+00
1.182329e+00
6.425703e-01
7.325301e-01
9.253012e-01
6.682731e-01
9.510040e-01
8.738956e-01
6.939759e-01
9.510040e-01
8.867470e-01
1.066667e+00
1.143775e+00
7.453815e-01
6.297189e-01
9.638554e-01
9.381526e-01
8.481928e-01
1.105221e+00
1.259438e+00
8.224900e-01
9.253012e-01
9.510040e-01
1.182329e+00
1.233735e+00
1.169478e+00
1.143775e+00
1.272289e+00
8.224900e-01
1.220884e+00
1.362249e+00
1.297992e+00
1.143775e+00
9.253012e-01
1.143775e+00
1.130924e+00
7.325301e-01
1.208032e+00
1.323695e+00
1.297992e+00
1.465060e+00
1.208032e+00
8.610442e-01
1.169478e+00
8.610442e-01
9.381526e-01
8.353414e-01
9.381526e-01
1.375100e+00
1.323695e+00
1.040964e+00
3.341365e-01
9.381526e-01
1.079518e+00
1.156627e+00
1.195181e+00
9.510040e-01
5.269076e-01
6.040161e-01
7.325301e-01
1.066667e+00
1.066667e+00
9.638554e-01
8.610442e-01
1.053815e+00
1.092369e+00
8.481928e-01
7.068273e-01
1.079518e+00
9.253012e-01
8.867470e-01
7.196787e-01
6.811245e-01
8.738956e-01
7.967871e-01
8.353414e-01
1.143775e+00
7.196787e-01
7.582329e-01
1.092369e+00
7.710843e-01
1.105221e+00
1.053815e+00
1.439357e+00
8.224900e-01
7.967871e-01
7.325301e-01
1.066667e+00
1.310843e+00
1.002410e+00
1.220884e+00
1.529317e+00
9.767068e-01
1.246586e+00
1.259438e+00
1.285141e+00
1.208032e+00
1.259438e+00
1.066667e+00
1.066667e+00
7.710843e-01
1.182329e+00
1.387952e+00
1.220884e+00
1.413655e+00
9.510040e-01
9.638554e-01
1.182329e+00
8.353414e-01
1.092369e+00
7.839357e-01
1.118072e+00
1.400803e+00
1.452209e+00
9.381526e-01
4.240964e-01
8.096386e-01
9.253012e-01
1.169478e+00
1.118072e+00
1.002410e+00
6.554217e-01
7.196787e-01
6.297189e-01
1.066667e+00
1.040964e+00
1.015261e+00
9.381526e-01
1.002410e+00
9.767068e-01
8.610442e-01
6.939759e-01
1.143775e+00
1.208032e+00
9.510040e-01
6.168675e-01
7.582329e-01
8.738956e-01
7.325301e-01
7.967871e-01
9.895582e-01
5.783133e-01
9.253012e-01
1.169478e+00
7.839357e-01
1.053815e+00
9.895582e-01
1.297992e+00
8.738956e-01
6.811245e-01
5.269076e-01
1.002410e+00
1.182329e+00
