1.214521e+00
1.320132e+00
1.452145e+00
1.372937e+00
1.320132e+00
1.716172e+00
1.478548e+00
1.188119e+00
2.165017e+00
1.425743e+00
8.976898e-01
1.214521e+00
1.610561e+00
1.135314e+00
1.188119e+00
1.768977e+00
1.425743e+00
7.128713e-01
1.135314e+00
7.392739e-01
1.161716e+00
1.848185e-01
6.864686e-01
1.240924e+00
3.696370e-01
4.224422e-01
1.848185e-01
2.112211e-01
5.280528e-01
2.640264e-01
1.240924e+00
7.128713e-01
8.976898e-01
4.752475e-01
6.600660e-01
2.112211e-01
6.600660e-01
6.072607e-01
2.640264e-02
8.184818e-01
1.267327e+00
1.320132e+00
7.392739e-01
6.864686e-01
9.240924e-01
3.168317e-01
4.752475e-01
1.584158e-01
1.452145e+00
1.478548e+00
7.128713e-01
1.689769e+00
1.056106e+00
1.108911e+00
7.128713e-01
1.056106e+00
1.293729e+00
1.636964e+00
1.452145e+00
1.346535e+00
1.293729e+00
1.636964e+00
1.214521e+00
9.240924e-01
1.267327e+00
1.240924e+00
1.504950e+00
1.425743e+00
1.056106e+00
1.980198e+00
1.161716e+00
1.372937e+00
1.795380e+00
1.399340e+00
1.214521e+00
1.320132e+00
1.636964e+00
1.188119e+00
1.504950e+00
1.716172e+00
1.663366e+00
9.504950e-01
1.108911e+00
6.600660e-01
1.346535e+00
2.904290e-01
8.712871e-01
1.056106e+00
5.808581e-01
5.280528e-01
3.696370e-01
4.224422e-01
7.656766e-01
2.904290e-01
9.768977e-01
1.029703e+00
9.768977e-01
3.168317e-01
6.336634e-01
1.584158e-01
4.752475e-01
4.488449e-01
4.488449e-01
7.392739e-01
1.346535e+00
9.768977e-01
5.808581e-01
7.128713e-01
8.184818e-01
4.752475e-01
1.848185e-01
2.904290e-01
1.214521e+00
1.584158e+00
7.656766e-01
1.346535e+00
1.082508e+00
9.768977e-01
6.864686e-01
8.448845e-01
1.240924e+00
1.795380e+00
1.056106e+00
1.425743e+00
1.372937e+00
1.320132e+00
1.188119e+00
8.184818e-01
1.135314e+00
1.689769e+00
1.399340e+00
1.346535e+00
1.240924e+00
2.059406e+00
1.135314e+00
9.240924e-01
1.636964e+00
1.478548e+00
1.267327e+00
1.320132e+00
1.848185e+00
1.372937e+00
1.399340e+00
1.663366e+00
1.848185e+00
1.029703e+00
1.188119e+00
8.448845e-01
1.372937e+00
5.280528e-01
1.108911e+00
1.584158e+00
9.504950e-01
6.600660e-01
4.752475e-01
3.960396e-01
8.976898e-01
1.584158e-01
7.920792e-01
9.504950e-01
8.448845e-01
2.376238e-01
6.864686e-01
1.584158e-01
2.640264e-01
2.904290e-01
8.184818e-01
6.600660e-01
9.768977e-01
8.976898e-01
5.808581e-01
2.904290e-01
7.920792e-01
8.448845e-01
7.920792e-02
4.752475e-01
1.056106e+00
1.267327e+00
6.864686e-01
1.557756e+00
1.003300e+00
4.224422e-01
5.544554e-01
5.280528e-01
1.636964e+00
1.531353e+00
9.504950e-01
1.557756e+00
1.135314e+00
1.293729e+00
1.135314e+00
1.082508e+00
1.108911e+00
1.689769e+00
1.610561e+00
1.320132e+00
1.425743e+00
1.663366e+00
8.448845e-01
9.768977e-01
1.399340e+00
1.320132e+00
1.214521e+00
1.214521e+00
1.557756e+00
1.584158e+00
1.399340e+00
1.214521e+00
2.138614e+00
1.056106e+00
1.135314e+00
1.108911e+00
1.346535e+00
7.656766e-01
1.293729e+00
1.768977e+00
1.135314e+00
8.712871e-01
7.392739e-01
5.544554e-01
1.188119e+00
1.848185e-01
5.808581e-01
9.504950e-01
7.128713e-01
2.376238e-01
3.960396e-01
2.112211e-01
4.752475e-01
2.640264e-01
1.135314e+00
9.504950e-01
9.504950e-01
7.656766e-01
6.864686e-01
2.112211e-01
6.336634e-01
7.656766e-01
0.000000e+00
4.224422e-01
9.768977e-01
1.320132e+00
6.600660e-01
1.240924e+00
9.240924e-01
4.752475e-01
5.280528e-01
3.432343e-01
1.663366e+00
1.531353e+00
7.920792e-01
1.610561e+00
1.003300e+00
1.267327e+00
1.240924e+00
1.240924e+00
1.161716e+00
1.372937e+00
1.584158e+00
1.504950e+00
1.293729e+00
1.531353e+00
1.135314e+00
1.214521e+00
1.240924e+00
1.135314e+00
1.346535e+00
1.584158e+00
1.320132e+00
1.425743e+00
1.504950e+00
1.504950e+00
2.191419e+00
1.716172e+00
1.056106e+00
1.161716e+00
1.372937e+00
1.399340e+00
1.082508e+00
1.425743e+00
1.161716e+00
1.056106e+00
1.003300e+00
1.029703e+00
1.003300e+00
4.224422e-01
3.432343e-01
1.267327e+00
5.016502e-01
2.640264e-01
3.432343e-01
2.112211e-01
3.696370e-01
4.224422e-01
9.240924e-01
8.976898e-01
6.864686e-01
6.864686e-01
6.336634e-01
2.376238e-01
3.696370e-01
7.656766e-01
1.584158e-01
8.184818e-01
8.448845e-01
1.108911e+00
1.346535e+00
4.224422e-01
8.976898e-01
6.336634e-01
1.848185e-01
4.488449e-01
1.372937e+00
1.478548e+00
8.448845e-01
1.531353e+00
1.320132e+00
1.082508e+00
7.392739e-01
8.976898e-01
1.029703e+00
1.452145e+00
1.346535e+00
1.478548e+00
1.320132e+00
1.478548e+00
9.504950e-01
1.161716e+00
1.425743e+00
1.003300e+00
1.372937e+00
1.636964e+00
1.135314e+00
1.452145e+00
1.478548e+00
1.504950e+00
1.927393e+00
1.716172e+00
1.029703e+00
1.425743e+00
1.452145e+00
1.452145e+00
1.214521e+00
1.557756e+00
1.029703e+00
1.346535e+00
1.346535e+00
7.656766e-01
1.161716e+00
5.016502e-01
5.808581e-01
1.214521e+00
8.448845e-01
3.432343e-01
3.696370e-01
6.072607e-01
5.016502e-01
5.280528e-01
6.864686e-01
1.082508e+00
7.920792e-01
5.280528e-01
6.072607e-01
1.848185e-01
2.376238e-01
5.544554e-01
4.224422e-01
8.712871e-01
9.240924e-01
1.082508e+00
8.712871e-01
4.752475e-01
7.392739e-01
8.184818e-01
5.280528e-02
4.224422e-01
1.188119e+00
1.346535e+00
1.214521e+00
1.108911e+00
1.399340e+00
8.976898e-01
6.864686e-01
6.600660e-01
1.399340e+00
1.452145e+00
1.214521e+00
1.399340e+00
1.293729e+00
1.293729e+00
9.768977e-01
1.293729e+00
1.161716e+00
1.240924e+00
1.425743e+00
1.557756e+00
1.372937e+00
1.610561e+00
1.346535e+00
1.214521e+00
1.874587e+00
1.557756e+00
1.056106e+00
1.531353e+00
1.478548e+00
1.636964e+00
1.452145e+00
1.399340e+00
1.425743e+00
1.452145e+00
1.425743e+00
8.976898e-01
1.214521e+00
6.600660e-01
6.600660e-01
1.768977e+00
9.504950e-01
7.128713e-01
4.488449e-01
5.808581e-01
7.128713e-01
3.696370e-01
6.600660e-01
8.448845e-01
7.392739e-01
4.224422e-01
7.128713e-01
1.584158e-01
5.280528e-02
4.488449e-01
5.544554e-01
8.712871e-01
7.656766e-01
8.448845e-01
7.920792e-01
3.168317e-01
5.016502e-01
1.082508e+00
7.920792e-02
5.544554e-01
8.448845e-01
1.135314e+00
1.082508e+00
1.240924e+00
1.320132e+00
5.808581e-01
3.432343e-01
5.280528e-01
1.214521e+00
1.716172e+00
1.029703e+00
1.399340e+00
1.161716e+00
1.293729e+00
1.056106e+00
1.478548e+00
1.135314e+00
1.161716e+00
1.716172e+00
1.742574e+00
1.346535e+00
1.293729e+00
1.082508e+00
1.161716e+00
1.716172e+00
1.320132e+00
1.003300e+00
1.320132e+00
1.267327e+00
1.663366e+00
1.452145e+00
1.161716e+00
1.663366e+00
1.557756e+00
1.320132e+00
1.056106e+00
1.372937e+00
8.712871e-01
9.504950e-01
1.821782e+00
1.108911e+00
8.712871e-01
7.656766e-01
8.184818e-01
1.056106e+00
3.960396e-01
3.432343e-01
8.448845e-01
6.600660e-01
3.696370e-01
4.224422e-01
2.112211e-01
1.848185e-01
5.544554e-01
8.184818e-01
1.161716e+00
8.976898e-01
6.864686e-01
7.920792e-01
2.376238e-01
3.168317e-01
9.504950e-01
1.320132e-01
4.224422e-01
7.656766e-01
1.135314e+00
1.108911e+00
8.976898e-01
1.240924e+00
6.600660e-01
2.376238e-01
4.224422e-01
1.320132e+00
1.610561e+00
8.712871e-01
1.478548e+00
1.293729e+00
1.320132e+00
7.128713e-01
6.600660e-01
1.452145e+00
1.108911e+00
1.452145e+00
1.452145e+00
1.399340e+00
1.346535e+00
1.557756e+00
1.029703e+00
1.240924e+00
1.056106e+00
1.557756e+00
1.399340e+00
1.557756e+00
1.240924e+00
1.504950e+00
1.504950e+00
2.006601e+00
1.689769e+00
1.214521e+00
1.029703e+00
1.293729e+00
1.584158e+00
1.135314e+00
1.452145e+00
1.320132e+00
1.056106e+00
8.184818e-01
1.056106e+00
8.976898e-01
8.448845e-01
3.432343e-01
9.504950e-01
8.712871e-01
2.112211e-01
3.960396e-01
1.584158e-01
3.432343e-01
5.016502e-01
3.960396e-01
1.056106e+00
5.544554e-01
8.448845e-01
3.696370e-01
3.432343e-01
4.224422e-01
8.448845e-01
2.112211e-01
7.656766e-01
5.016502e-01
1.346535e+00
1.267327e+00
4.488449e-01
7.392739e-01
7.920792e-01
3.168317e-01
4.752475e-01
1.267327e+00
1.293729e+00
1.056106e+00
1.346535e+00
1.267327e+00
1.135314e+00
6.864686e-01
4.488449e-01
1.029703e+00
1.372937e+00
1.452145e+00
1.135314e+00
1.557756e+00
1.240924e+00
1.346535e+00
1.082508e+00
1.557756e+00
9.768977e-01
1.293729e+00
1.768977e+00
1.135314e+00
1.504950e+00
1.372937e+00
1.399340e+00
1.768977e+00
1.478548e+00
1.372937e+00
1.108911e+00
1.584158e+00
1.452145e+00
1.425743e+00
1.584158e+00
1.346535e+00
1.346535e+00
1.029703e+00
1.029703e+00
7.920792e-01
1.003300e+00
5.280528e-01
8.712871e-01
1.029703e+00
3.696370e-01
5.016502e-01
3.696370e-01
6.600660e-01
6.072607e-01
2.904290e-01
1.135314e+00
6.864686e-01
7.128713e-01
3.168317e-01
3.432343e-01
2.640264e-01
6.072607e-01
3.432343e-01
9.240924e-01
5.808581e-01
1.372937e+00
9.240924e-01
2.640264e-01
6.864686e-01
9.240924e-01
1.848185e-01
4.488449e-01
6.072607e-01
1.214521e+00
1.003300e+00
1.161716e+00
1.267327e+00
9.504950e-01
3.168317e-01
5.544554e-01
1.584158e+00
1.531353e+00
1.082508e+00
1.372937e+00
1.452145e+00
1.240924e+00
1.214521e+00
8.448845e-01
1.161716e+00
1.056106e+00
1.610561e+00
1.531353e+00
1.452145e+00
1.425743e+00
1.531353e+00
1.161716e+00
1.742574e+00
1.452145e+00
1.346535e+00
1.214521e+00
1.584158e+00
1.531353e+00
1.584158e+00
1.531353e+00
1.768977e+00
1.399340e+00
1.267327e+00
1.029703e+00
7.920792e-01
1.267327e+00
5.544554e-01
1.425743e+00
1.029703e+00
7.128713e-01
3.960396e-01
4.752475e-01
9.504950e-01
4.488449e-01
3.432343e-01
9.240924e-01
6.864686e-01
6.072607e-01
5.016502e-01
3.960396e-01
0.000000e+00
5.016502e-01
3.168317e-01
9.504950e-01
6.864686e-01
9.504950e-01
7.392739e-01
1.848185e-01
4.488449e-01
1.108911e+00
3.168317e-01
5.016502e-01
5.544554e-01
1.214521e+00
1.029703e+00
7.920792e-01
1.161716e+00
1.003300e+00
2.640264e-01
4.488449e-01
1.320132e+00
1.848185e+00
1.029703e+00
1.425743e+00
1.135314e+00
1.267327e+00
1.240924e+00
1.082508e+00
1.399340e+00
8.448845e-01
1.716172e+00
1.610561e+00
1.504950e+00
1.293729e+00
1.320132e+00
9.504950e-01
1.372937e+00
1.346535e+00
1.293729e+00
1.214521e+00
1.425743e+00
1.452145e+00
1.399340e+00
1.399340e+00
2.006601e+00
1.504950e+00
1.161716e+00
1.108911e+00
1.056106e+00
1.267327e+00
1.029703e+00
1.478548e+00
9.768977e-01
8.184818e-01
7.656766e-01
7.128713e-01
1.082508e+00
6.864686e-01
2.112211e-01
9.504950e-01
1.029703e+00
3.696370e-01
3.960396e-01
1.848185e-01
1.584158e-01
6.336634e-01
3.960396e-01
1.214521e+00
6.072607e-01
9.768977e-01
5.544554e-01
3.168317e-01
4.224422e-01
8.712871e-01
3.168317e-01
3.696370e-01
2.904290e-01
1.293729e+00
1.478548e+00
4.752475e-01
6.600660e-01
8.712871e-01
2.112211e-01
6.072607e-01
1.452145e+00
1.293729e+00
1.452145e+00
1.029703e+00
1.399340e+00
1.320132e+00
8.184818e-01
5.016502e-01
1.346535e+00
1.029703e+00
1.742574e+00
1.214521e+00
1.557756e+00
1.425743e+00
1.452145e+00
1.029703e+00
1.003300e+00
1.372937e+00
1.557756e+00
1.214521e+00
1.478548e+00
1.320132e+00
1.663366e+00
1.452145e+00
1.927393e+00
1.716172e+00
1.557756e+00
7.392739e-01
1.346535e+00
1.663366e+00
1.082508e+00
1.372937e+00
1.267327e+00
1.346535e+00
7.920792e-01
1.188119e+00
7.656766e-01
1.056106e+00
1.584158e-01
7.128713e-01
6.864686e-01
3.432343e-01
5.544554e-01
7.920792e-02
2.904290e-01
5.808581e-01
3.168317e-01
1.082508e+00
6.600660e-01
8.976898e-01
4.488449e-01
4.752475e-01
2.112211e-01
9.240924e-01
3.432343e-01
3.960396e-01
4.224422e-01
1.478548e+00
1.056106e+00
2.904290e-01
6.336634e-01
9.504950e-01
2.376238e-01
3.168317e-01
1.240924e+00
8.712871e-01
1.742574e+00
8.976898e-01
1.293729e+00
1.214521e+00
7.656766e-01
4.752475e-01
1.056106e+00
1.267327e+00
1.795380e+00
9.768977e-01
1.478548e+00
1.399340e+00
1.240924e+00
1.003300e+00
1.478548e+00
1.214521e+00
1.399340e+00
1.399340e+00
1.372937e+00
1.372937e+00
1.452145e+00
1.320132e+00
1.557756e+00
1.716172e+00
1.531353e+00
9.504950e-01
1.372937e+00
1.716172e+00
1.425743e+00
1.504950e+00
1.267327e+00
1.346535e+00
1.029703e+00
1.135314e+00
8.712871e-01
1.135314e+00
2.640264e-01
8.976898e-01
1.029703e+00
5.280528e-01
6.600660e-01
2.904290e-01
5.280528e-01
7.656766e-01
3.432343e-01
8.184818e-01
5.808581e-01
8.712871e-01
3.696370e-01
4.752475e-01
1.584158e-01
6.072607e-01
3.168317e-01
8.184818e-01
4.752475e-01
1.161716e+00
8.976898e-01
2.112211e-01
2.376238e-01
1.135314e+00
5.016502e-01
3.168317e-01
6.072607e-01
9.240924e-01
1.504950e+00
8.712871e-01
1.346535e+00
1.029703e+00
3.168317e-01
4.752475e-01
1.610561e+00
1.320132e+00
1.478548e+00
1.082508e+00
1.557756e+00
1.293729e+00
1.056106e+00
9.240924e-01
1.214521e+00
1.135314e+00
1.716172e+00
1.240924e+00
1.372937e+00
1.425743e+00
1.716172e+00
1.108911e+00
1.346535e+00
1.663366e+00
1.636964e+00
1.003300e+00
1.478548e+00
1.900990e+00
1.504950e+00
1.452145e+00
1.742574e+00
1.478548e+00
1.267327e+00
1.082508e+00
1.029703e+00
1.135314e+00
4.224422e-01
1.346535e+00
9.768977e-01
8.976898e-01
6.336634e-01
5.016502e-01
5.544554e-01
8.448845e-01
2.376238e-01
6.336634e-01
6.600660e-01
7.128713e-01
4.488449e-01
4.224422e-01
1.320132e-01
3.960396e-01
2.904290e-01
8.976898e-01
4.752475e-01
1.082508e+00
6.864686e-01
3.960396e-01
2.112211e-01
8.976898e-01
5.016502e-01
1.848185e-01
2.904290e-01
1.056106e+00
1.399340e+00
7.656766e-01
1.082508e+00
1.029703e+00
2.376238e-01
6.072607e-01
1.557756e+00
1.504950e+00
1.610561e+00
8.712871e-01
1.452145e+00
1.346535e+00
1.082508e+00
9.240924e-01
1.504950e+00
8.448845e-01
1.848185e+00
1.425743e+00
1.452145e+00
1.346535e+00
1.399340e+00
8.184818e-01
1.082508e+00
1.478548e+00
1.504950e+00
1.056106e+00
1.293729e+00
1.610561e+00
1.531353e+00
1.346535e+00
1.795380e+00
1.689769e+00
1.108911e+00
1.003300e+00
1.240924e+00
1.320132e+00
8.184818e-01
1.636964e+00
9.768977e-01
1.135314e+00
9.240924e-01
7.392739e-01
7.920792e-01
9.768977e-01
1.584158e-01
5.016502e-01
9.504950e-01
5.016502e-01
5.016502e-01
1.584158e-01
1.848185e-01
6.336634e-01
3.168317e-01
1.135314e+00
