1.270270e+00
7.297297e-01
4.594595e-01
1.108108e+00
9.459459e-01
1.783784e+00
1.702703e+00
1.648649e+00
1.405405e+00
1.513514e+00
1.378378e+00
6.756757e-01
2.972973e-01
1.351351e+00
1.405405e+00
1.189189e+00
1.405405e+00
1.648649e+00
8.648649e-01
2.162162e-01
5.405405e-01
5.945946e-01
1.189189e+00
6.486486e-01
1.567568e+00
1.324324e+00
9.189189e-01
5.405405e-02
3.783784e-01
5.945946e-01
0.000000e+00
6.756757e-01
4.324324e-01
8.918919e-01
6.756757e-01
3.243243e-01
7.027027e-01
1.054054e+00
9.459459e-01
1.540541e+00
7.837838e-01
8.918919e-01
5.945946e-01
4.054054e-01
1.891892e-01
9.459459e-01
8.108108e-01
1.567568e+00
1.702703e+00
1.108108e+00
9.189189e-01
1.324324e+00
8.648649e-01
1.675676e+00
9.189189e-01
1.594595e+00
1.243243e+00
1.243243e+00
8.918919e-01
1.378378e+00
1.351351e+00
1.216216e+00
1.297297e+00
1.027027e+00
1.486486e+00
8.648649e-01
2.162162e-01
1.351351e+00
9.729730e-01
1.621622e+00
1.729730e+00
1.297297e+00
1.270270e+00
1.594595e+00
1.216216e+00
5.675676e-01
4.054054e-01
1.216216e+00
1.702703e+00
1.351351e+00
1.378378e+00
1.189189e+00
9.189189e-01
5.135135e-01
4.324324e-01
8.648649e-01
1.189189e+00
9.189189e-01
1.432432e+00
1.567568e+00
1.162162e+00
0.000000e+00
4.864865e-01
6.216216e-01
1.081081e-01
5.405405e-01
8.648649e-01
1.162162e+00
4.594595e-01
2.162162e-01
7.837838e-01
7.297297e-01
4.864865e-01
1.324324e+00
3.243243e-01
5.675676e-01
8.108108e-01
3.783784e-01
1.891892e-01
1.216216e+00
1.216216e+00
1.648649e+00
1.729730e+00
1.216216e+00
7.837838e-01
1.000000e+00
5.945946e-01
1.405405e+00
7.567568e-01
1.648649e+00
1.324324e+00
1.189189e+00
1.135135e+00
1.459459e+00
1.405405e+00
1.540541e+00
1.081081e+00
1.162162e+00
1.513514e+00
8.918919e-01
5.135135e-01
1.513514e+00
1.135135e+00
1.756757e+00
1.540541e+00
1.108108e+00
1.216216e+00
1.135135e+00
8.918919e-01
5.675676e-01
5.945946e-01
1.567568e+00
1.540541e+00
1.378378e+00
1.432432e+00
1.351351e+00
1.324324e+00
7.567568e-01
2.702703e-01
8.108108e-01
1.729730e+00
1.270270e+00
1.324324e+00
1.621622e+00
9.189189e-01
0.000000e+00
6.486486e-01
5.405405e-01
2.162162e-01
2.972973e-01
1.270270e+00
1.432432e+00
7.027027e-01
2.162162e-01
6.486486e-01
6.756757e-01
1.081081e-01
1.081081e+00
0.000000e+00
3.783784e-01
5.945946e-01
3.783784e-01
2.162162e-01
1.189189e+00
1.378378e+00
1.918919e+00
1.486486e+00
1.243243e+00
9.459459e-01
6.486486e-01
6.486486e-01
1.162162e+00
8.378378e-01
1.432432e+00
1.567568e+00
1.297297e+00
8.108108e-01
1.405405e+00
1.108108e+00
1.513514e+00
9.189189e-01
1.405405e+00
1.297297e+00
9.729730e-01
7.567568e-01
1.567568e+00
1.270270e+00
1.432432e+00
1.486486e+00
9.729730e-01
1.324324e+00
7.837838e-01
7.567568e-01
7.837838e-01
8.108108e-01
1.486486e+00
1.540541e+00
1.432432e+00
1.297297e+00
1.675676e+00
1.243243e+00
7.027027e-01
2.162162e-01
1.189189e+00
1.756757e+00
1.405405e+00
1.729730e+00
1.486486e+00
9.729730e-01
1.081081e-01
7.027027e-01
6.756757e-01
4.864865e-01
6.216216e-01
1.108108e+00
1.486486e+00
7.297297e-01
5.405405e-02
3.243243e-01
4.864865e-01
0.000000e+00
8.378378e-01
3.243243e-01
5.405405e-01
7.027027e-01
4.054054e-01
5.405405e-01
1.162162e+00
1.378378e+00
1.486486e+00
1.216216e+00
1.000000e+00
6.756757e-01
6.216216e-01
4.054054e-01
9.459459e-01
6.216216e-01
1.756757e+00
1.513514e+00
1.405405e+00
8.648649e-01
1.243243e+00
1.000000e+00
1.837838e+00
1.000000e+00
1.378378e+00
8.648649e-01
1.378378e+00
9.189189e-01
1.027027e+00
1.756757e+00
9.459459e-01
1.324324e+00
1.432432e+00
1.243243e+00
1.081081e+00
2.702703e-01
9.459459e-01
1.189189e+00
1.513514e+00
1.594595e+00
1.810811e+00
1.594595e+00
1.405405e+00
1.351351e+00
8.108108e-01
2.972973e-01
1.162162e+00
1.297297e+00
1.297297e+00
1.108108e+00
1.621622e+00
1.270270e+00
2.972973e-01
4.594595e-01
6.486486e-01
1.027027e+00
6.756757e-01
1.243243e+00
1.405405e+00
9.459459e-01
2.162162e-01
3.783784e-01
5.945946e-01
5.405405e-02
6.756757e-01
7.837838e-01
7.837838e-01
7.297297e-01
3.783784e-01
6.486486e-01
7.567568e-01
1.243243e+00
1.243243e+00
9.189189e-01
8.648649e-01
8.648649e-01
2.702703e-01
1.351351e-01
1.027027e+00
8.378378e-01
1.270270e+00
2.027027e+00
1.270270e+00
8.648649e-01
1.135135e+00
8.108108e-01
1.513514e+00
1.432432e+00
1.054054e+00
9.459459e-01
1.270270e+00
1.243243e+00
1.135135e+00
1.702703e+00
1.081081e+00
1.594595e+00
1.324324e+00
1.459459e+00
1.216216e+00
1.081081e-01
1.108108e+00
1.216216e+00
1.378378e+00
1.432432e+00
1.621622e+00
1.378378e+00
1.540541e+00
1.270270e+00
6.216216e-01
4.594595e-01
1.135135e+00
1.378378e+00
1.540541e+00
1.243243e+00
1.135135e+00
1.054054e+00
6.486486e-01
2.972973e-01
9.459459e-01
1.162162e+00
9.189189e-01
1.027027e+00
1.621622e+00
1.297297e+00
2.162162e-01
4.324324e-01
5.675676e-01
2.162162e-01
5.405405e-01
1.000000e+00
1.108108e+00
5.675676e-01
1.621622e-01
7.837838e-01
6.486486e-01
6.486486e-01
1.108108e+00
5.405405e-01
5.135135e-01
9.189189e-01
2.972973e-01
2.162162e-01
1.000000e+00
1.378378e+00
1.486486e+00
2.189189e+00
1.405405e+00
7.567568e-01
8.918919e-01
5.675676e-01
1.405405e+00
1.000000e+00
9.189189e-01
1.432432e+00
1.378378e+00
1.081081e+00
8.648649e-01
1.405405e+00
1.135135e+00
1.594595e+00
1.135135e+00
1.486486e+00
1.189189e+00
2.162162e-01
1.270270e+00
1.567568e+00
1.405405e+00
1.243243e+00
1.594595e+00
1.108108e+00
1.297297e+00
1.000000e+00
4.324324e-01
6.486486e-01
1.432432e+00
1.513514e+00
1.459459e+00
1.432432e+00
1.351351e+00
1.189189e+00
1.054054e+00
1.891892e-01
8.648649e-01
1.405405e+00
1.459459e+00
1.108108e+00
1.567568e+00
1.027027e+00
2.162162e-01
5.945946e-01
4.864865e-01
3.243243e-01
2.432432e-01
1.135135e+00
1.459459e+00
8.918919e-01
1.621622e-01
6.486486e-01
6.756757e-01
2.162162e-01
9.459459e-01
3.783784e-01
8.108108e-02
8.378378e-01
2.972973e-01
3.513514e-01
7.837838e-01
1.594595e+00
1.729730e+00
1.702703e+00
1.486486e+00
9.729730e-01
7.837838e-01
2.702703e-01
1.378378e+00
9.189189e-01
8.918919e-01
1.432432e+00
1.486486e+00
9.729730e-01
8.108108e-01
1.351351e+00
1.459459e+00
1.594595e+00
1.135135e+00
1.081081e+00
1.189189e+00
6.486486e-01
1.351351e+00
1.567568e+00
1.135135e+00
1.297297e+00
1.486486e+00
1.270270e+00
9.189189e-01
7.297297e-01
6.216216e-01
9.729730e-01
1.459459e+00
1.351351e+00
1.594595e+00
1.270270e+00
1.702703e+00
1.270270e+00
8.918919e-01
1.891892e-01
1.000000e+00
1.540541e+00
1.621622e+00
1.540541e+00
1.540541e+00
9.729730e-01
4.324324e-01
5.945946e-01
6.756757e-01
5.945946e-01
4.324324e-01
1.000000e+00
1.432432e+00
1.081081e+00
0.000000e+00
3.783784e-01
4.864865e-01
0.000000e+00
6.486486e-01
5.405405e-01
3.513514e-01
7.837838e-01
4.054054e-01
5.405405e-01
8.648649e-01
1.594595e+00
1.459459e+00
1.648649e+00
1.189189e+00
7.567568e-01
5.675676e-01
8.108108e-02
1.081081e+00
8.378378e-01
1.081081e+00
1.729730e+00
1.783784e+00
8.918919e-01
9.459459e-01
1.081081e+00
1.162162e+00
1.540541e+00
9.729730e-01
1.081081e+00
1.270270e+00
1.135135e+00
9.189189e-01
1.621622e+00
1.027027e+00
1.405405e+00
1.189189e+00
1.081081e+00
1.486486e+00
2.162162e-01
9.189189e-01
8.108108e-01
1.540541e+00
1.783784e+00
1.810811e+00
1.513514e+00
1.621622e+00
1.378378e+00
9.459459e-01
3.783784e-01
1.000000e+00
1.297297e+00
1.081081e+00
1.054054e+00
1.513514e+00
1.459459e+00
3.783784e-01
3.243243e-01
8.378378e-01
6.486486e-01
8.918919e-01
9.459459e-01
1.648649e+00
8.108108e-01
6.486486e-01
2.162162e-01
7.567568e-01
5.405405e-02
4.324324e-01
9.189189e-01
5.945946e-01
7.027027e-01
6.486486e-01
4.324324e-01
8.108108e-01
1.054054e+00
1.405405e+00
1.108108e+00
8.108108e-01
8.378378e-01
3.243243e-01
2.972973e-01
7.837838e-01
6.216216e-01
1.405405e+00
1.945946e+00
1.621622e+00
9.189189e-01
6.486486e-01
9.189189e-01
1.054054e+00
1.108108e+00
9.189189e-01
1.216216e+00
1.378378e+00
1.324324e+00
1.135135e+00
1.486486e+00
1.135135e+00
1.675676e+00
9.459459e-01
1.297297e+00
1.486486e+00
2.432432e-01
9.189189e-01
1.054054e+00
1.513514e+00
1.567568e+00
1.459459e+00
1.297297e+00
1.729730e+00
1.297297e+00
7.567568e-01
4.054054e-01
8.918919e-01
1.432432e+00
1.513514e+00
1.108108e+00
1.270270e+00
1.054054e+00
7.837838e-01
3.783784e-01
9.189189e-01
7.837838e-01
1.108108e+00
7.837838e-01
1.567568e+00
1.432432e+00
5.135135e-01
5.405405e-02
9.459459e-01
2.162162e-01
4.054054e-01
1.081081e+00
1.081081e+00
6.216216e-01
3.513514e-01
5.675676e-01
7.027027e-01
6.486486e-01
9.729730e-01
7.027027e-01
5.945946e-01
5.405405e-01
6.216216e-01
2.972973e-01
7.567568e-01
9.729730e-01
1.864865e+00
1.540541e+00
1.540541e+00
9.729730e-01
7.837838e-01
5.675676e-01
1.081081e+00
8.378378e-01
1.081081e+00
1.378378e+00
1.675676e+00
1.162162e+00
8.378378e-01
1.405405e+00
1.000000e+00
1.621622e+00
9.459459e-01
1.405405e+00
1.405405e+00
4.324324e-01
9.729730e-01
1.243243e+00
1.729730e+00
1.351351e+00
1.432432e+00
1.000000e+00
1.702703e+00
7.297297e-01
7.567568e-01
4.864865e-01
1.108108e+00
1.864865e+00
1.243243e+00
1.567568e+00
1.297297e+00
1.297297e+00
1.081081e+00
3.783784e-01
8.378378e-01
9.189189e-01
1.567568e+00
5.945946e-01
1.675676e+00
1.243243e+00
4.324324e-01
2.162162e-01
8.648649e-01
2.162162e-01
3.243243e-01
1.243243e+00
1.378378e+00
9.459459e-01
4.324324e-01
4.324324e-01
8.918919e-01
2.162162e-01
5.945946e-01
7.027027e-01
5.405405e-02
6.486486e-01
4.324324e-01
4.324324e-01
4.054054e-01
1.378378e+00
2.000000e+00
1.675676e+00
1.270270e+00
6.756757e-01
6.216216e-01
3.243243e-01
9.189189e-01
7.567568e-01
1.000000e+00
1.324324e+00
1.783784e+00
1.189189e+00
6.486486e-01
1.459459e+00
1.027027e+00
1.675676e+00
1.135135e+00
1.189189e+00
1.162162e+00
8.108108e-01
1.162162e+00
1.378378e+00
1.270270e+00
1.486486e+00
1.297297e+00
1.054054e+00
1.432432e+00
6.216216e-01
6.756757e-01
6.486486e-01
1.513514e+00
1.513514e+00
1.459459e+00
1.405405e+00
1.810811e+00
1.108108e+00
1.108108e+00
4.054054e-01
8.108108e-01
1.324324e+00
1.513514e+00
1.135135e+00
1.594595e+00
1.459459e+00
4.324324e-01
2.162162e-01
1.054054e+00
3.783784e-01
5.135135e-01
9.729730e-01
1.324324e+00
1.027027e+00
4.324324e-01
2.162162e-01
6.486486e-01
0.000000e+00
4.054054e-01
6.756757e-01
3.513514e-01
5.405405e-01
6.486486e-01
5.135135e-01
6.756757e-01
1.270270e+00
1.864865e+00
1.513514e+00
7.837838e-01
8.918919e-01
4.054054e-01
4.054054e-01
3.513514e-01
9.189189e-01
9.189189e-01
1.783784e+00
1.540541e+00
1.000000e+00
1.081081e+00
1.324324e+00
8.378378e-01
1.729730e+00
8.108108e-01
8.648649e-01
1.270270e+00
1.135135e+00
1.027027e+00
1.675676e+00
9.459459e-01
1.405405e+00
1.324324e+00
1.486486e+00
1.486486e+00
2.972973e-01
8.108108e-01
9.459459e-01
1.432432e+00
1.702703e+00
1.486486e+00
1.459459e+00
1.459459e+00
1.162162e+00
1.378378e+00
5.135135e-01
3.513514e-01
1.594595e+00
1.297297e+00
1.054054e+00
1.270270e+00
1.675676e+00
5.945946e-01
3.243243e-01
4.594595e-01
8.378378e-01
8.918919e-01
5.945946e-01
1.891892e+00
1.027027e+00
7.297297e-01
1.621622e-01
2.972973e-01
5.675676e-01
2.432432e-01
1.297297e+00
3.783784e-01
9.189189e-01
6.216216e-01
2.432432e-01
7.837838e-01
1.243243e+00
1.081081e+00
1.270270e+00
5.135135e-01
5.405405e-01
7.837838e-01
2.432432e-01
2.702703e-01
1.459459e+00
1.270270e+00
1.837838e+00
1.486486e+00
1.297297e+00
6.216216e-01
1.216216e+00
7.027027e-01
1.216216e+00
7.567568e-01
1.189189e+00
1.135135e+00
1.108108e+00
1.459459e+00
1.540541e+00
9.189189e-01
1.837838e+00
1.108108e+00
1.297297e+00
1.675676e+00
4.594595e-01
5.405405e-01
1.243243e+00
1.513514e+00
1.378378e+00
1.432432e+00
1.405405e+00
1.540541e+00
1.000000e+00
1.324324e+00
4.594595e-01
4.324324e-01
1.648649e+00
1.513514e+00
1.216216e+00
1.270270e+00
1.216216e+00
7.567568e-01
4.594595e-01
4.324324e-01
1.000000e+00
1.054054e+00
5.405405e-01
1.486486e+00
1.648649e+00
8.108108e-01
5.405405e-02
4.864865e-01
6.756757e-01
2.162162e-01
1.297297e+00
9.729730e-01
8.378378e-01
3.513514e-01
3.783784e-01
7.027027e-01
7.837838e-01
7.027027e-01
1.513514e+00
0.000000e+00
5.405405e-01
5.675676e-01
2.432432e-01
2.702703e-01
1.594595e+00
1.324324e+00
1.540541e+00
1.513514e+00
1.162162e+00
7.567568e-01
8.648649e-01
7.027027e-01
1.027027e+00
8.378378e-01
1.378378e+00
1.432432e+00
1.243243e+00
1.027027e+00
1.432432e+00
8.378378e-01
1.756757e+00
9.189189e-01
1.405405e+00
1.594595e+00
4.594595e-01
8.918919e-01
1.324324e+00
1.459459e+00
1.567568e+00
1.270270e+00
1.162162e+00
1.432432e+00
6.756757e-01
1.000000e+00
6.486486e-01
7.027027e-01
1.837838e+00
1.432432e+00
1.594595e+00
1.216216e+00
1.405405e+00
1.243243e+00
4.864865e-01
4.324324e-01
1.027027e+00
1.540541e+00
4.864865e-01
1.513514e+00
1.405405e+00
6.756757e-01
2.162162e-01
4.594595e-01
6.216216e-01
1.891892e-01
9.729730e-01
1.378378e+00
1.216216e+00
4.864865e-01
3.783784e-01
5.945946e-01
5.675676e-01
5.405405e-01
1.378378e+00
1.351351e-01
6.756757e-01
7.027027e-01
3.243243e-01
5.405405e-01
1.486486e+00
1.297297e+00
1.702703e+00
1.243243e+00
9.459459e-01
5.135135e-01
6.216216e-01
5.945946e-01
9.459459e-01
6.756757e-01
1.459459e+00
1.378378e+00
1.243243e+00
1.027027e+00
1.513514e+00
6.756757e-01
1.918919e+00
1.027027e+00
9.729730e-01
1.432432e+00
7.297297e-01
1.081081e+00
1.405405e+00
1.324324e+00
1.432432e+00
1.378378e+00
1.432432e+00
1.270270e+00
4.594595e-01
9.189189e-01
8.108108e-01
1.108108e+00
1.675676e+00
1.243243e+00
1.513514e+00
1.486486e+00
1.351351e+00
1.243243e+00
5.405405e-01
3.783784e-01
1.378378e+00
1.594595e+00
9.459459e-01
1.513514e+00
1.621622e+00
6.756757e-01
2.162162e-01
5.135135e-01
7.837838e-01
5.135135e-01
6.486486e-01
1.621622e+00
1.081081e+00
4.864865e-01
1.621622e-01
3.243243e-01
3.783784e-01
3.243243e-01
