1.224691e+00
7.901235e-01
1.382716e-01
0.000000e+00
0.000000e+00
1.659259e+00
2.093827e+00
6.913580e-01
1.461728e+00
1.027160e+00
0.000000e+00
1.580247e-01
2.765432e-01
1.086420e+00
3.160494e-01
6.320988e-01
2.271605e+00
2.133333e+00
7.111111e-01
2.172840e-01
2.567901e-01
1.106173e+00
2.172840e-01
1.264198e+00
2.291358e+00
2.014815e+00
8.493827e-01
9.283951e-01
3.753086e-01
1.007407e+00
4.148148e-01
1.540741e+00
2.232099e+00
1.422222e+00
1.204938e+00
1.758025e+00
2.311111e+00
2.706173e+00
2.113580e+00
2.390123e+00
1.501235e+00
1.323457e+00
8.691358e-01
3.555556e-01
7.703704e-01
1.382716e+00
1.481481e+00
4.345679e-01
3.753086e-01
8.691358e-01
8.888889e-01
3.950617e-02
4.740741e-01
3.950617e-02
3.950617e-01
2.172840e-01
1.758025e+00
2.034568e+00
3.950617e-02
1.975309e-01
0.000000e+00
6.518519e-01
8.691358e-01
1.738272e+00
1.224691e+00
1.204938e+00
5.925926e-02
0.000000e+00
0.000000e+00
1.422222e+00
1.975309e+00
9.679012e-01
1.303704e+00
7.703704e-01
7.901235e-02
0.000000e+00
3.950617e-02
1.066667e+00
7.111111e-01
3.950617e-01
2.232099e+00
1.856790e+00
4.740741e-01
3.160494e-01
4.938272e-01
1.659259e+00
3.358025e-01
1.007407e+00
2.429630e+00
2.271605e+00
9.481481e-01
6.716049e-01
9.876543e-02
5.728395e-01
2.172840e-01
1.600000e+00
2.153086e+00
1.382716e+00
1.185185e+00
1.817284e+00
2.034568e+00
2.409877e+00
1.758025e+00
2.232099e+00
2.034568e+00
1.619753e+00
8.888889e-01
6.123457e-01
1.323457e+00
1.955556e+00
1.580247e+00
1.027160e+00
2.172840e-01
6.716049e-01
8.098765e-01
0.000000e+00
4.740741e-01
2.172840e-01
8.296296e-01
3.950617e-02
1.520988e+00
1.837037e+00
2.567901e-01
2.370370e-01
0.000000e+00
3.358025e-01
4.938272e-01
1.639506e+00
1.540741e+00
1.758025e+00
1.975309e-02
0.000000e+00
0.000000e+00
1.125926e+00
1.896296e+00
1.224691e+00
9.283951e-01
4.543210e-01
1.382716e-01
0.000000e+00
0.000000e+00
1.560494e+00
9.876543e-01
3.555556e-01
2.074074e+00
1.777778e+00
4.148148e-01
2.765432e-01
5.135802e-01
1.718519e+00
4.740741e-01
1.007407e+00
2.350617e+00
2.212346e+00
8.493827e-01
3.358025e-01
1.975309e-02
2.765432e-01
9.876543e-02
1.362963e+00
2.133333e+00
1.264198e+00
9.679012e-01
1.876543e+00
1.481481e+00
2.153086e+00
1.303704e+00
2.251852e+00
2.469136e+00
1.935802e+00
9.679012e-01
9.086420e-01
1.896296e+00
2.469136e+00
1.837037e+00
1.520988e+00
3.950617e-01
8.493827e-01
8.098765e-01
1.975309e-02
5.135802e-01
3.358025e-01
1.145679e+00
3.950617e-02
1.224691e+00
1.362963e+00
5.333333e-01
2.370370e-01
3.950617e-02
0.000000e+00
1.580247e-01
1.145679e+00
1.935802e+00
2.014815e+00
1.975309e-02
0.000000e+00
0.000000e+00
8.296296e-01
1.362963e+00
1.303704e+00
9.283951e-01
3.358025e-01
1.382716e-01
0.000000e+00
0.000000e+00
1.738272e+00
1.659259e+00
4.740741e-01
1.777778e+00
1.382716e+00
2.962963e-01
2.567901e-01
4.740741e-01
1.600000e+00
3.950617e-01
8.691358e-01
2.172840e+00
2.291358e+00
8.296296e-01
2.172840e-01
5.925926e-02
3.555556e-01
7.901235e-02
1.343210e+00
2.212346e+00
1.580247e+00
7.901235e-01
1.382716e+00
8.691358e-01
1.698765e+00
8.098765e-01
1.817284e+00
2.488889e+00
1.698765e+00
9.876543e-01
1.481481e+00
2.074074e+00
2.587654e+00
2.034568e+00
2.192593e+00
8.691358e-01
1.066667e+00
8.296296e-01
7.901235e-02
8.098765e-01
8.296296e-01
1.402469e+00
3.950617e-02
7.308642e-01
1.244444e+00
8.098765e-01
2.370370e-01
1.777778e-01
0.000000e+00
1.580247e-01
8.691358e-01
1.698765e+00
2.212346e+00
3.358025e-01
1.975309e-01
0.000000e+00
6.320988e-01
6.320988e-01
1.580247e+00
1.343210e+00
7.308642e-01
3.160494e-01
0.000000e+00
0.000000e+00
1.244444e+00
2.133333e+00
8.296296e-01
1.580247e+00
1.165432e+00
5.925926e-02
0.000000e+00
4.148148e-01
1.007407e+00
2.962963e-01
4.345679e-01
2.074074e+00
2.350617e+00
9.283951e-01
3.160494e-01
2.765432e-01
9.481481e-01
4.740741e-01
8.098765e-01
2.093827e+00
2.014815e+00
8.691358e-01
1.422222e+00
3.358025e-01
1.027160e+00
1.580247e-01
1.501235e+00
2.469136e+00
1.718519e+00
1.125926e+00
1.481481e+00
2.133333e+00
2.745679e+00
2.212346e+00
2.251852e+00
1.402469e+00
1.027160e+00
1.066667e+00
4.543210e-01
6.716049e-01
1.283951e+00
1.501235e+00
7.111111e-01
3.358025e-01
1.007407e+00
8.691358e-01
9.876543e-02
3.753086e-01
1.382716e-01
2.962963e-01
1.777778e-01
1.540741e+00
1.975309e+00
5.135802e-01
2.370370e-01
0.000000e+00
3.160494e-01
2.765432e-01
1.461728e+00
1.303704e+00
1.264198e+00
2.567901e-01
0.000000e+00
0.000000e+00
1.086420e+00
1.975309e+00
9.679012e-01
1.402469e+00
8.098765e-01
1.382716e-01
0.000000e+00
3.950617e-02
9.876543e-01
5.925926e-01
3.950617e-01
2.113580e+00
2.113580e+00
7.506173e-01
9.876543e-02
6.518519e-01
1.422222e+00
6.913580e-01
5.333333e-01
2.172840e+00
2.291358e+00
9.679012e-01
1.204938e+00
9.876543e-02
5.728395e-01
5.925926e-02
1.441975e+00
2.291358e+00
1.639506e+00
1.066667e+00
1.758025e+00
1.955556e+00
2.429630e+00
1.698765e+00
2.133333e+00
2.054321e+00
1.422222e+00
1.125926e+00
5.333333e-01
1.086420e+00
1.896296e+00
1.797531e+00
1.125926e+00
1.185185e-01
7.111111e-01
7.506173e-01
1.382716e-01
3.753086e-01
3.160494e-01
6.123457e-01
2.370370e-01
1.323457e+00
1.461728e+00
6.716049e-01
2.370370e-01
3.950617e-02
0.000000e+00
3.950617e-02
9.283951e-01
1.481481e+00
1.876543e+00
3.160494e-01
0.000000e+00
0.000000e+00
9.283951e-01
1.738272e+00
1.224691e+00
1.066667e+00
3.753086e-01
2.172840e-01
0.000000e+00
0.000000e+00
1.323457e+00
1.046914e+00
3.950617e-01
2.014815e+00
2.054321e+00
6.913580e-01
0.000000e+00
6.913580e-01
1.461728e+00
7.111111e-01
6.320988e-01
2.133333e+00
2.232099e+00
8.493827e-01
8.296296e-01
0.000000e+00
2.962963e-01
3.950617e-02
1.125926e+00
2.212346e+00
1.501235e+00
8.296296e-01
2.054321e+00
1.402469e+00
2.113580e+00
1.145679e+00
2.172840e+00
2.528395e+00
1.896296e+00
1.303704e+00
5.333333e-01
1.659259e+00
2.469136e+00
2.074074e+00
1.540741e+00
2.370370e-01
8.296296e-01
6.913580e-01
3.160494e-01
4.148148e-01
4.345679e-01
9.086420e-01
2.765432e-01
7.703704e-01
1.382716e+00
8.098765e-01
2.962963e-01
1.580247e-01
1.975309e-02
1.382716e-01
6.518519e-01
1.856790e+00
2.113580e+00
3.950617e-01
0.000000e+00
0.000000e+00
7.308642e-01
1.165432e+00
1.204938e+00
1.086420e+00
2.567901e-01
2.172840e-01
0.000000e+00
0.000000e+00
1.402469e+00
1.659259e+00
6.518519e-01
1.777778e+00
1.659259e+00
4.543210e-01
0.000000e+00
6.716049e-01
1.323457e+00
6.123457e-01
5.530864e-01
2.074074e+00
2.311111e+00
9.283951e-01
5.728395e-01
1.975309e-02
3.950617e-01
9.876543e-02
9.481481e-01
2.113580e+00
1.738272e+00
7.111111e-01
1.758025e+00
8.098765e-01
1.718519e+00
5.135802e-01
1.797531e+00
2.607407e+00
1.896296e+00
1.145679e+00
9.876543e-01
1.975309e+00
2.607407e+00
2.192593e+00
2.133333e+00
7.111111e-01
8.691358e-01
9.086420e-01
3.555556e-01
5.728395e-01
8.296296e-01
1.323457e+00
3.555556e-01
1.975309e-01
1.027160e+00
6.716049e-01
3.950617e-01
2.765432e-01
2.370370e-01
7.901235e-02
4.148148e-01
1.718519e+00
2.429630e+00
7.308642e-01
1.580247e-01
3.950617e-02
4.148148e-01
4.740741e-01
1.323457e+00
1.224691e+00
7.703704e-01
5.925926e-01
0.000000e+00
0.000000e+00
6.518519e-01
2.153086e+00
1.204938e+00
1.402469e+00
1.402469e+00
2.172840e-01
0.000000e+00
3.950617e-01
6.913580e-01
6.123457e-01
2.370370e-01
2.014815e+00
2.350617e+00
1.481481e+00
3.753086e-01
2.765432e-01
7.703704e-01
6.518519e-01
2.567901e-01
1.975309e+00
2.330864e+00
1.066667e+00
1.580247e+00
1.382716e-01
9.876543e-01
3.555556e-01
9.876543e-01
2.133333e+00
2.014815e+00
1.303704e+00
1.283951e+00
2.074074e+00
2.449383e+00
2.449383e+00
2.429630e+00
1.046914e+00
9.876543e-01
1.323457e+00
5.925926e-01
4.938272e-01
1.046914e+00
1.560494e+00
1.066667e+00
5.925926e-02
7.111111e-01
4.345679e-01
5.135802e-01
2.567901e-01
3.950617e-01
1.975309e-01
6.913580e-01
1.481481e+00
2.232099e+00
8.691358e-01
1.777778e-01
5.925926e-02
2.172840e-01
1.975309e-01
1.086420e+00
1.362963e+00
1.086420e+00
6.518519e-01
0.000000e+00
0.000000e+00
5.135802e-01
1.916049e+00
1.323457e+00
1.106173e+00
1.106173e+00
2.370370e-01
0.000000e+00
3.950617e-02
5.530864e-01
8.691358e-01
4.543210e-01
1.975309e+00
2.232099e+00
1.264198e+00
9.876543e-02
6.320988e-01
1.224691e+00
9.086420e-01
3.950617e-02
2.093827e+00
2.528395e+00
1.204938e+00
1.461728e+00
3.950617e-02
4.148148e-01
2.370370e-01
8.296296e-01
2.014815e+00
1.916049e+00
1.224691e+00
1.619753e+00
1.718519e+00
2.350617e+00
1.916049e+00
2.212346e+00
1.619753e+00
1.501235e+00
1.501235e+00
5.135802e-01
9.481481e-01
1.580247e+00
2.093827e+00
1.283951e+00
1.185185e-01
7.703704e-01
4.543210e-01
7.308642e-01
2.172840e-01
4.938272e-01
4.938272e-01
8.296296e-01
1.165432e+00
1.698765e+00
9.086420e-01
2.172840e-01
9.876543e-02
0.000000e+00
0.000000e+00
6.123457e-01
1.580247e+00
1.777778e+00
7.901235e-01
0.000000e+00
0.000000e+00
5.135802e-01
1.501235e+00
1.402469e+00
8.296296e-01
6.320988e-01
2.370370e-01
0.000000e+00
0.000000e+00
7.308642e-01
1.382716e+00
6.123457e-01
1.837037e+00
2.271605e+00
1.066667e+00
0.000000e+00
6.716049e-01
1.165432e+00
1.007407e+00
2.370370e-01
2.054321e+00
2.271605e+00
1.264198e+00
1.066667e+00
0.000000e+00
2.567901e-01
3.950617e-02
5.530864e-01
2.113580e+00
1.975309e+00
8.493827e-01
1.876543e+00
1.224691e+00
1.975309e+00
1.481481e+00
1.935802e+00
2.014815e+00
1.916049e+00
1.817284e+00
4.938272e-01
1.481481e+00
2.113580e+00
2.429630e+00
1.738272e+00
4.345679e-01
7.901235e-01
9.876543e-01
6.320988e-01
3.160494e-01
7.506173e-01
1.125926e+00
8.888889e-01
6.518519e-01
1.422222e+00
8.493827e-01
4.740741e-01
1.580247e-01
7.901235e-02
3.950617e-02
5.530864e-01
1.837037e+00
2.291358e+00
7.901235e-01
0.000000e+00
0.000000e+00
4.543210e-01
9.876543e-01
1.106173e+00
9.086420e-01
4.148148e-01
3.160494e-01
0.000000e+00
0.000000e+00
7.703704e-01
1.797531e+00
1.066667e+00
1.659259e+00
1.896296e+00
6.716049e-01
0.000000e+00
6.518519e-01
9.679012e-01
9.679012e-01
2.370370e-01
1.975309e+00
2.291358e+00
1.441975e+00
7.901235e-01
1.975309e-02
3.555556e-01
1.382716e-01
3.358025e-01
1.975309e+00
2.192593e+00
8.296296e-01
1.679012e+00
5.728395e-01
1.639506e+00
8.098765e-01
1.461728e+00
2.271605e+00
2.014815e+00
1.501235e+00
8.098765e-01
1.975309e+00
2.232099e+00
2.469136e+00
2.271605e+00
6.518519e-01
1.244444e+00
1.362963e+00
7.703704e-01
2.765432e-01
9.679012e-01
1.461728e+00
1.382716e+00
1.580247e-01
8.888889e-01
6.123457e-01
6.320988e-01
2.370370e-01
2.765432e-01
3.950617e-02
4.543210e-01
1.718519e+00
2.113580e+00
1.402469e+00
0.000000e+00
1.975309e-01
1.382716e-01
5.333333e-01
1.185185e+00
8.493827e-01
9.679012e-01
8.493827e-01
0.000000e+00
0.000000e+00
2.370370e-01
2.054321e+00
1.639506e+00
9.481481e-01
1.481481e+00
5.925926e-01
0.000000e+00
3.358025e-01
3.950617e-01
9.086420e-01
2.962963e-01
1.659259e+00
2.350617e+00
1.797531e+00
5.333333e-01
2.567901e-01
6.123457e-01
8.493827e-01
1.185185e-01
1.777778e+00
2.469136e+00
1.382716e+00
1.264198e+00
4.740741e-01
6.320988e-01
7.506173e-01
6.716049e-01
2.271605e+00
2.153086e+00
1.125926e+00
1.362963e+00
1.876543e+00
2.449383e+00
2.567901e+00
2.330864e+00
1.283951e+00
1.738272e+00
1.560494e+00
7.901235e-01
5.728395e-01
1.679012e+00
1.975309e+00
1.441975e+00
1.975309e-02
5.925926e-01
4.543210e-01
6.518519e-01
1.975309e-01
2.765432e-01
2.172840e-01
8.493827e-01
1.441975e+00
2.034568e+00
1.323457e+00
1.185185e-01
2.370370e-01
7.901235e-02
2.567901e-01
8.296296e-01
1.165432e+00
1.007407e+00
1.046914e+00
0.000000e+00
0.000000e+00
9.876543e-02
1.817284e+00
1.718519e+00
6.913580e-01
1.264198e+00
4.938272e-01
0.000000e+00
3.950617e-02
1.975309e-01
1.027160e+00
6.518519e-01
1.441975e+00
2.330864e+00
1.560494e+00
2.567901e-01
5.530864e-01
9.876543e-01
1.244444e+00
0.000000e+00
1.896296e+00
2.548148e+00
1.659259e+00
1.323457e+00
2.370370e-01
1.975309e-01
4.740741e-01
4.740741e-01
2.093827e+00
2.153086e+00
1.027160e+00
1.422222e+00
1.817284e+00
2.192593e+00
2.153086e+00
2.113580e+00
1.758025e+00
2.192593e+00
1.777778e+00
8.296296e-01
1.007407e+00
2.212346e+00
2.449383e+00
1.777778e+00
3.950617e-02
6.518519e-01
6.123457e-01
7.703704e-01
1.580247e-01
3.555556e-01
4.345679e-01
1.086420e+00
1.066667e+00
1.679012e+00
1.027160e+00
2.765432e-01
2.765432e-01
0.000000e+00
0.000000e+00
3.753086e-01
1.441975e+00
1.501235e+00
1.402469e+00
0.000000e+00
0.000000e+00
1.382716e-01
1.382716e+00
1.698765e+00
4.345679e-01
8.691358e-01
4.148148e-01
0.000000e+00
0.000000e+00
2.370370e-01
1.580247e+00
8.888889e-01
1.343210e+00
2.251852e+00
1.402469e+00
1.777778e-01
5.728395e-01
8.888889e-01
1.382716e+00
2.370370e-01
1.837037e+00
2.330864e+00
1.679012e+00
1.086420e+00
5.925926e-02
1.382716e-01
1.580247e-01
2.172840e-01
2.113580e+00
2.192593e+00
8.098765e-01
1.422222e+00
1.580247e+00
1.738272e+00
1.777778e+00
1.797531e+00
2.271605e+00
2.232099e+00
1.422222e+00
1.007407e+00
1.738272e+00
2.212346e+00
2.548148e+00
2.113580e+00
1.777778e-01
8.691358e-01
1.066667e+00
7.308642e-01
9.876543e-02
7.308642e-01
1.007407e+00
1.244444e+00
7.111111e-01
1.264198e+00
9.283951e-01
5.333333e-01
3.358025e-01
7.901235e-02
0.000000e+00
3.753086e-01
1.560494e+00
2.034568e+00
1.501235e+00
0.000000e+00
0.000000e+00
1.382716e-01
9.481481e-01
1.283951e+00
5.728395e-01
7.111111e-01
4.148148e-01
0.000000e+00
0.000000e+00
2.370370e-01
1.896296e+00
1.441975e+00
1.185185e+00
1.916049e+00
1.046914e+00
7.901235e-02
5.530864e-01
6.913580e-01
1.343210e+00
2.370370e-01
1.698765e+00
2.271605e+00
1.777778e+00
9.481481e-01
3.950617e-02
3.160494e-01
1.777778e-01
1.185185e-01
1.856790e+00
2.370370e+00
9.679012e-01
1.264198e+00
8.888889e-01
1.303704e+00
1.244444e+00
1.264198e+00
