1.361702e+00
1.276596e+00
1.645390e+00
1.503546e+00
1.446809e+00
1.929078e+00
1.617021e+00
1.815603e+00
1.588652e+00
1.531915e+00
1.248227e+00
4.539007e-01
1.702128e+00
1.106383e+00
1.191489e+00
9.645390e-01
7.375887e-01
9.361702e-01
7.375887e-01
4.822695e-01
5.957447e-01
1.276596e+00
9.361702e-01
1.021277e+00
8.226950e-01
3.971631e-01
5.390071e-01
8.510638e-01
1.702128e-01
4.539007e-01
9.078014e-01
7.375887e-01
8.794326e-01
1.702128e-01
1.134752e-01
7.659574e-01
2.836879e-01
2.269504e-01
6.808511e-01
1.134752e+00
8.794326e-01
3.120567e-01
3.120567e-01
3.687943e-01
6.524823e-01
6.808511e-01
8.794326e-01
1.446809e+00
1.475177e+00
1.418440e+00
7.375887e-01
7.092199e-01
1.134752e+00
1.021277e+00
1.163121e+00
1.390071e+00
1.702128e+00
1.560284e+00
1.588652e+00
1.418440e+00
1.078014e+00
1.163121e+00
1.617021e+00
1.049645e+00
1.815603e+00
1.276596e+00
1.191489e+00
1.645390e+00
1.446809e+00
1.815603e+00
1.531915e+00
1.276596e+00
1.588652e+00
1.333333e+00
1.475177e+00
6.524823e-01
1.673759e+00
1.446809e+00
9.361702e-01
1.503546e+00
9.361702e-01
1.219858e+00
9.078014e-01
3.687943e-01
7.943262e-01
1.163121e+00
1.304965e+00
1.021277e+00
6.524823e-01
5.957447e-01
4.822695e-01
8.794326e-01
2.269504e-01
6.241135e-01
9.078014e-01
5.957447e-01
7.375887e-01
2.836879e-02
2.836879e-01
6.524823e-01
5.673759e-02
8.510638e-02
8.226950e-01
1.361702e+00
1.021277e+00
1.985816e-01
2.269504e-01
4.822695e-01
5.106383e-01
5.673759e-01
7.375887e-01
9.361702e-01
1.049645e+00
1.276596e+00
5.106383e-01
5.106383e-01
1.276596e+00
8.794326e-01
9.078014e-01
1.418440e+00
1.645390e+00
1.673759e+00
1.843972e+00
1.361702e+00
1.078014e+00
1.276596e+00
1.843972e+00
1.446809e+00
1.361702e+00
1.390071e+00
1.929078e+00
1.560284e+00
1.390071e+00
1.304965e+00
1.475177e+00
1.446809e+00
1.758865e+00
1.304965e+00
1.106383e+00
9.078014e-01
1.645390e+00
1.929078e+00
1.276596e+00
1.361702e+00
1.361702e+00
1.021277e+00
1.106383e+00
3.971631e-01
1.134752e+00
1.163121e+00
1.191489e+00
1.361702e+00
3.971631e-01
8.794326e-01
6.524823e-01
8.510638e-01
4.539007e-01
8.510638e-01
9.929078e-01
3.687943e-01
9.361702e-01
1.702128e-01
3.404255e-01
6.808511e-01
0.000000e+00
5.673759e-02
8.794326e-01
1.191489e+00
6.808511e-01
2.269504e-01
2.269504e-01
5.957447e-01
4.539007e-01
6.241135e-01
8.226950e-01
1.333333e+00
1.163121e+00
9.078014e-01
3.404255e-01
5.673759e-01
9.361702e-01
7.943262e-01
7.092199e-01
1.276596e+00
1.787234e+00
1.702128e+00
1.219858e+00
9.929078e-01
1.049645e+00
1.134752e+00
1.645390e+00
1.219858e+00
1.702128e+00
1.049645e+00
1.900709e+00
1.617021e+00
1.163121e+00
1.446809e+00
1.787234e+00
1.531915e+00
1.475177e+00
1.560284e+00
1.248227e+00
1.163121e+00
1.645390e+00
1.503546e+00
1.106383e+00
1.645390e+00
1.702128e+00
1.219858e+00
1.134752e+00
2.553191e-01
1.049645e+00
1.276596e+00
1.418440e+00
1.333333e+00
3.971631e-01
8.794326e-01
7.943262e-01
7.092199e-01
5.957447e-01
1.134752e+00
9.078014e-01
5.673759e-01
8.794326e-01
3.971631e-01
4.255319e-01
8.794326e-01
1.702128e-01
3.120567e-01
7.659574e-01
8.226950e-01
6.808511e-01
2.269504e-01
2.269504e-01
7.092199e-01
3.404255e-01
4.255319e-01
9.929078e-01
1.276596e+00
1.134752e+00
5.390071e-01
2.269504e-01
4.822695e-01
7.943262e-01
7.375887e-01
5.957447e-01
1.333333e+00
1.475177e+00
1.730496e+00
9.645390e-01
7.375887e-01
1.304965e+00
1.021277e+00
1.418440e+00
1.049645e+00
1.446809e+00
1.929078e+00
1.361702e+00
1.617021e+00
8.794326e-01
1.163121e+00
1.758865e+00
1.021277e+00
1.730496e+00
1.333333e+00
1.645390e+00
1.758865e+00
1.333333e+00
1.730496e+00
1.787234e+00
1.276596e+00
1.588652e+00
1.475177e+00
1.333333e+00
6.808511e-01
1.248227e+00
1.446809e+00
1.418440e+00
5.957447e-01
8.794326e-01
1.078014e+00
5.390071e-01
4.822695e-01
5.673759e-01
1.304965e+00
9.929078e-01
8.794326e-01
1.078014e+00
1.702128e-01
7.092199e-01
6.241135e-01
4.539007e-01
3.404255e-01
6.241135e-01
8.794326e-01
1.304965e+00
1.702128e-01
2.836879e-02
8.510638e-01
5.673759e-02
3.687943e-01
7.092199e-01
7.659574e-01
1.333333e+00
3.404255e-01
3.120567e-01
3.404255e-01
3.404255e-01
9.361702e-01
5.390071e-01
1.390071e+00
1.191489e+00
1.787234e+00
7.659574e-01
6.524823e-01
1.021277e+00
1.134752e+00
1.134752e+00
1.361702e+00
1.446809e+00
1.985816e+00
1.503546e+00
1.560284e+00
9.645390e-01
1.475177e+00
1.758865e+00
1.475177e+00
1.673759e+00
1.617021e+00
1.361702e+00
1.730496e+00
1.333333e+00
1.418440e+00
1.929078e+00
9.361702e-01
1.872340e+00
1.248227e+00
1.531915e+00
9.361702e-01
1.248227e+00
1.730496e+00
1.163121e+00
8.794326e-01
1.049645e+00
1.390071e+00
7.375887e-01
3.404255e-01
7.943262e-01
1.163121e+00
1.446809e+00
7.943262e-01
9.078014e-01
3.687943e-01
5.106383e-01
7.943262e-01
4.539007e-01
5.673759e-01
7.092199e-01
6.524823e-01
1.163121e+00
2.836879e-02
2.269504e-01
7.092199e-01
0.000000e+00
5.673759e-02
6.808511e-01
1.163121e+00
1.418440e+00
1.985816e-01
1.985816e-01
4.822695e-01
2.553191e-01
8.510638e-01
5.106383e-01
7.659574e-01
1.021277e+00
1.446809e+00
6.241135e-01
4.539007e-01
8.510638e-01
1.163121e+00
7.659574e-01
1.503546e+00
1.560284e+00
1.758865e+00
1.333333e+00
1.078014e+00
8.226950e-01
1.333333e+00
1.361702e+00
1.503546e+00
1.503546e+00
1.588652e+00
1.900709e+00
1.787234e+00
1.219858e+00
1.219858e+00
1.645390e+00
9.929078e-01
1.787234e+00
1.617021e+00
9.078014e-01
1.163121e+00
1.503546e+00
1.787234e+00
1.702128e+00
8.226950e-01
1.617021e+00
9.361702e-01
1.163121e+00
4.255319e-01
7.659574e-01
1.475177e+00
1.390071e+00
9.645390e-01
5.673759e-01
8.510638e-01
5.106383e-01
7.092199e-01
7.092199e-01
7.943262e-01
7.659574e-01
5.390071e-01
1.191489e+00
0.000000e+00
4.539007e-01
7.375887e-01
0.000000e+00
5.673759e-02
6.524823e-01
1.163121e+00
1.304965e+00
2.269504e-01
1.985816e-01
5.957447e-01
2.553191e-01
7.659574e-01
7.092199e-01
9.078014e-01
1.021277e+00
1.304965e+00
2.269504e-01
5.106383e-01
6.241135e-01
9.929078e-01
7.375887e-01
1.276596e+00
1.163121e+00
1.957447e+00
9.078014e-01
8.510638e-01
1.049645e+00
1.333333e+00
1.106383e+00
1.333333e+00
1.673759e+00
1.446809e+00
1.645390e+00
1.929078e+00
9.929078e-01
1.333333e+00
1.900709e+00
1.276596e+00
1.787234e+00
1.673759e+00
1.163121e+00
1.418440e+00
1.503546e+00
1.446809e+00
1.446809e+00
9.078014e-01
1.730496e+00
1.163121e+00
1.361702e+00
4.255319e-01
6.808511e-01
1.361702e+00
1.702128e+00
9.645390e-01
5.673759e-01
9.361702e-01
5.957447e-01
4.822695e-01
7.943262e-01
1.219858e+00
7.092199e-01
6.808511e-01
1.134752e+00
1.702128e-01
5.957447e-01
8.794326e-01
2.269504e-01
1.985816e-01
6.241135e-01
8.226950e-01
1.134752e+00
2.269504e-01
1.985816e-01
7.092199e-01
1.418440e-01
5.673759e-01
9.929078e-01
9.078014e-01
1.361702e+00
7.092199e-01
2.269504e-01
3.120567e-01
5.106383e-01
9.645390e-01
4.822695e-01
1.276596e+00
1.446809e+00
1.702128e+00
1.021277e+00
5.390071e-01
9.361702e-01
1.134752e+00
1.191489e+00
1.078014e+00
1.446809e+00
1.673759e+00
1.503546e+00
1.588652e+00
1.078014e+00
8.226950e-01
1.900709e+00
1.163121e+00
1.531915e+00
1.333333e+00
1.617021e+00
1.702128e+00
1.304965e+00
1.843972e+00
1.390071e+00
1.872340e+00
1.588652e+00
1.390071e+00
1.503546e+00
5.106383e-01
1.106383e+00
1.418440e+00
1.361702e+00
9.078014e-01
8.510638e-01
1.049645e+00
5.390071e-01
6.808511e-01
2.553191e-01
1.333333e+00
1.049645e+00
9.645390e-01
1.049645e+00
1.702128e-01
7.375887e-01
1.702128e-01
9.929078e-01
2.269504e-01
5.106383e-01
1.021277e+00
1.418440e+00
2.836879e-02
1.702128e-01
6.808511e-01
1.985816e-01
4.255319e-01
4.539007e-01
8.794326e-01
1.475177e+00
3.120567e-01
3.971631e-01
2.269504e-01
3.404255e-01
1.134752e+00
3.971631e-01
1.248227e+00
1.418440e+00
1.106383e+00
9.929078e-01
3.404255e-01
8.226950e-01
1.163121e+00
9.645390e-01
1.021277e+00
1.531915e+00
1.985816e+00
1.588652e+00
1.390071e+00
1.163121e+00
1.163121e+00
1.900709e+00
1.446809e+00
1.560284e+00
1.361702e+00
1.361702e+00
1.929078e+00
1.021277e+00
1.730496e+00
1.418440e+00
1.617021e+00
1.730496e+00
1.475177e+00
1.588652e+00
5.957447e-01
1.390071e+00
1.475177e+00
1.304965e+00
1.049645e+00
1.049645e+00
1.276596e+00
8.510638e-01
4.822695e-01
3.971631e-01
1.304965e+00
1.304965e+00
1.049645e+00
8.794326e-01
1.702128e-01
7.375887e-01
3.687943e-01
9.078014e-01
4.539007e-01
5.957447e-01
8.510638e-01
1.304965e+00
5.673759e-02
1.702128e-01
5.390071e-01
2.553191e-01
5.673759e-02
4.255319e-01
1.219858e+00
1.333333e+00
2.269504e-01
1.985816e-01
4.539007e-01
2.553191e-01
9.929078e-01
3.404255e-01
8.794326e-01
1.134752e+00
1.163121e+00
6.524823e-01
3.120567e-01
6.241135e-01
9.929078e-01
9.361702e-01
8.794326e-01
1.815603e+00
1.673759e+00
1.361702e+00
1.049645e+00
9.361702e-01
1.219858e+00
1.304965e+00
1.390071e+00
1.333333e+00
1.390071e+00
1.900709e+00
1.900709e+00
1.219858e+00
1.078014e+00
1.617021e+00
1.418440e+00
1.531915e+00
1.872340e+00
1.134752e+00
8.510638e-01
1.219858e+00
1.929078e+00
1.531915e+00
1.219858e+00
1.702128e+00
9.078014e-01
1.163121e+00
3.971631e-01
7.375887e-01
1.446809e+00
1.134752e+00
1.248227e+00
5.390071e-01
5.673759e-01
6.808511e-01
6.241135e-01
7.943262e-01
7.375887e-01
9.361702e-01
5.673759e-01
1.304965e+00
5.673759e-02
3.687943e-01
4.255319e-01
3.971631e-01
0.000000e+00
2.836879e-01
1.418440e+00
1.446809e+00
2.836879e-02
2.269504e-01
5.390071e-01
2.836879e-01
9.361702e-01
5.106383e-01
9.929078e-01
1.390071e+00
7.092199e-01
5.106383e-01
1.134752e-01
3.971631e-01
1.248227e+00
4.822695e-01
9.929078e-01
1.446809e+00
1.787234e+00
9.929078e-01
8.794326e-01
1.106383e+00
1.049645e+00
1.304965e+00
1.134752e+00
1.673759e+00
1.276596e+00
1.787234e+00
1.957447e+00
8.794326e-01
1.191489e+00
1.843972e+00
1.588652e+00
1.588652e+00
1.645390e+00
1.304965e+00
1.163121e+00
1.503546e+00
1.673759e+00
1.163121e+00
1.304965e+00
1.758865e+00
1.276596e+00
1.390071e+00
3.971631e-01
6.808511e-01
1.219858e+00
1.361702e+00
1.304965e+00
5.390071e-01
7.659574e-01
6.524823e-01
6.241135e-01
4.822695e-01
1.248227e+00
9.929078e-01
6.808511e-01
1.106383e+00
1.702128e-01
6.241135e-01
3.120567e-01
8.794326e-01
8.510638e-02
3.971631e-01
1.078014e+00
1.304965e+00
2.836879e-02
2.269504e-01
6.524823e-01
2.836879e-01
6.241135e-01
7.092199e-01
1.049645e+00
1.219858e+00
7.092199e-01
3.971631e-01
2.269504e-01
3.687943e-01
6.808511e-01
8.226950e-01
1.106383e+00
1.390071e+00
1.446809e+00
1.390071e+00
6.808511e-01
5.390071e-01
1.361702e+00
1.248227e+00
9.929078e-01
1.219858e+00
1.730496e+00
1.560284e+00
1.617021e+00
1.333333e+00
7.659574e-01
1.560284e+00
1.390071e+00
1.843972e+00
1.418440e+00
1.446809e+00
1.588652e+00
1.645390e+00
1.531915e+00
1.503546e+00
1.617021e+00
1.191489e+00
1.390071e+00
1.531915e+00
9.645390e-01
7.943262e-01
1.673759e+00
1.049645e+00
1.191489e+00
9.078014e-01
9.645390e-01
5.106383e-01
9.645390e-01
2.269504e-01
1.049645e+00
1.021277e+00
1.078014e+00
1.106383e+00
4.539007e-01
4.539007e-01
4.822695e-01
9.645390e-01
5.673759e-02
5.390071e-01
8.226950e-01
1.333333e+00
4.539007e-01
1.702128e-01
4.255319e-01
4.539007e-01
3.971631e-01
2.836879e-01
7.375887e-01
8.510638e-01
9.078014e-01
1.985816e-01
3.687943e-01
3.404255e-01
6.524823e-01
6.241135e-01
7.375887e-01
1.248227e+00
1.078014e+00
1.191489e+00
4.539007e-01
4.822695e-01
1.276596e+00
1.163121e+00
9.361702e-01
1.475177e+00
1.673759e+00
1.843972e+00
1.588652e+00
1.361702e+00
9.361702e-01
1.673759e+00
1.617021e+00
1.475177e+00
1.645390e+00
1.361702e+00
1.503546e+00
1.361702e+00
1.787234e+00
1.219858e+00
1.645390e+00
1.617021e+00
1.617021e+00
1.390071e+00
1.078014e+00
1.191489e+00
1.390071e+00
1.361702e+00
9.645390e-01
1.049645e+00
1.078014e+00
8.226950e-01
9.361702e-01
2.553191e-01
1.163121e+00
1.191489e+00
1.219858e+00
9.078014e-01
2.836879e-01
6.241135e-01
5.673759e-01
8.510638e-01
2.553191e-01
5.673759e-01
9.078014e-01
1.588652e+00
2.836879e-01
2.836879e-02
4.539007e-01
4.822695e-01
5.673759e-02
2.269504e-01
9.078014e-01
1.276596e+00
5.957447e-01
2.269504e-01
3.687943e-01
4.539007e-01
5.957447e-01
7.943262e-01
6.524823e-01
9.645390e-01
1.134752e+00
9.645390e-01
2.836879e-01
5.390071e-01
9.361702e-01
1.078014e+00
7.943262e-01
1.333333e+00
1.787234e+00
1.617021e+00
1.191489e+00
7.375887e-01
1.163121e+00
1.276596e+00
1.645390e+00
1.645390e+00
1.475177e+00
1.588652e+00
1.787234e+00
1.588652e+00
1.333333e+00
1.276596e+00
1.163121e+00
1.475177e+00
1.787234e+00
1.163121e+00
1.134752e+00
1.276596e+00
1.588652e+00
1.560284e+00
1.304965e+00
1.446809e+00
1.106383e+00
9.929078e-01
8.226950e-01
5.106383e-01
1.418440e+00
1.134752e+00
1.304965e+00
4.822695e-01
3.687943e-01
6.808511e-01
9.078014e-01
7.092199e-01
4.822695e-01
8.226950e-01
9.929078e-01
1.588652e+00
3.120567e-01
2.269504e-01
4.539007e-01
5.106383e-01
0.000000e+00
8.510638e-02
1.078014e+00
1.361702e+00
4.539007e-01
2.269504e-01
3.971631e-01
5.390071e-01
4.539007e-01
6.241135e-01
8.226950e-01
1.134752e+00
9.361702e-01
7.092199e-01
8.510638e-02
4.539007e-01
8.794326e-01
8.226950e-01
8.226950e-01
1.248227e+00
1.475177e+00
1.390071e+00
1.021277e+00
7.092199e-01
1.333333e+00
1.191489e+00
1.333333e+00
1.503546e+00
1.702128e+00
1.418440e+00
1.929078e+00
1.390071e+00
1.106383e+00
1.531915e+00
1.617021e+00
1.673759e+00
1.758865e+00
1.361702e+00
1.134752e+00
1.531915e+00
1.418440e+00
1.418440e+00
1.049645e+00
1.418440e+00
1.276596e+00
1.390071e+00
8.510638e-01
3.971631e-01
1.390071e+00
1.021277e+00
1.645390e+00
7.092199e-01
5.106383e-01
5.106383e-01
1.021277e+00
4.539007e-01
8.794326e-01
1.049645e+00
8.510638e-01
1.163121e+00
4.539007e-01
4.539007e-01
5.106383e-01
8.510638e-01
5.673759e-02
3.687943e-01
7.943262e-01
