1.643836e+00
1.863014e+00
1.315068e+00
1.452055e+00
1.589041e+00
1.561644e+00
1.890411e+00
1.150685e+00
1.671233e+00
1.561644e+00
1.013699e+00
1.232877e+00
1.726027e+00
1.315068e+00
1.068493e+00
1.534247e+00
9.589041e-01
1.287671e+00
6.849315e-01
7.397260e-01
5.753425e-01
9.589041e-01
9.315068e-01
1.041096e+00
4.109589e-01
2.191781e-01
2.739726e-01
4.109589e-01
3.561644e-01
8.219178e-02
4.383562e-01
3.561644e-01
2.465753e-01
3.561644e-01
5.479452e-02
2.191781e-01
2.191781e-01
1.643836e-01
8.767123e-01
2.465753e-01
8.493151e-01
1.095890e+00
1.123288e+00
4.383562e-01
8.493151e-01
6.027397e-01
5.753425e-01
8.219178e-01
1.972603e+00
1.561644e+00
1.479452e+00
1.095890e+00
1.397260e+00
9.863014e-01
4.931507e-01
1.287671e+00
1.342466e+00
1.589041e+00
1.095890e+00
1.698630e+00
1.424658e+00
1.698630e+00
1.315068e+00
1.506849e+00
1.972603e+00
1.890411e+00
1.342466e+00
1.479452e+00
1.397260e+00
1.424658e+00
1.369863e+00
1.205479e+00
1.287671e+00
1.753425e+00
1.123288e+00
1.178082e+00
1.589041e+00
1.671233e+00
1.397260e+00
1.589041e+00
1.205479e+00
1.150685e+00
7.397260e-01
1.013699e+00
7.945205e-01
8.493151e-01
1.150685e+00
1.397260e+00
6.027397e-01
4.931507e-01
2.739726e-01
5.479452e-01
6.575342e-01
1.917808e-01
3.287671e-01
4.931507e-01
2.191781e-01
1.369863e-01
1.917808e-01
2.191781e-01
3.287671e-01
2.465753e-01
7.397260e-01
1.917808e-01
6.575342e-01
1.178082e+00
8.493151e-01
1.917808e-01
6.027397e-01
5.205479e-01
8.767123e-01
5.753425e-01
1.671233e+00
1.315068e+00
1.315068e+00
9.863014e-01
1.232877e+00
7.123288e-01
4.109589e-01
1.232877e+00
1.479452e+00
1.616438e+00
1.205479e+00
1.671233e+00
1.534247e+00
1.753425e+00
1.315068e+00
1.260274e+00
1.698630e+00
1.863014e+00
1.068493e+00
1.424658e+00
1.424658e+00
1.698630e+00
1.917808e+00
1.424658e+00
1.479452e+00
1.589041e+00
1.232877e+00
1.726027e+00
1.589041e+00
1.534247e+00
1.287671e+00
1.643836e+00
1.315068e+00
1.616438e+00
1.095890e+00
9.315068e-01
1.013699e+00
1.123288e+00
1.232877e+00
1.178082e+00
9.315068e-01
5.205479e-01
2.191781e-01
6.027397e-01
5.753425e-01
4.657534e-01
2.191781e-01
7.945205e-01
2.191781e-01
2.191781e-01
2.191781e-01
3.561644e-01
4.383562e-01
2.465753e-01
7.945205e-01
0.000000e+00
6.575342e-01
8.767123e-01
5.479452e-01
8.219178e-02
3.287671e-01
4.931507e-01
7.397260e-01
6.301370e-01
1.123288e+00
1.424658e+00
1.260274e+00
8.219178e-01
1.452055e+00
6.301370e-01
5.753425e-01
9.041096e-01
1.671233e+00
1.424658e+00
1.397260e+00
1.342466e+00
1.315068e+00
1.178082e+00
8.219178e-01
1.369863e+00
1.726027e+00
1.643836e+00
1.287671e+00
1.616438e+00
1.643836e+00
1.890411e+00
1.589041e+00
1.150685e+00
1.616438e+00
1.616438e+00
1.287671e+00
1.287671e+00
1.616438e+00
1.561644e+00
1.397260e+00
1.534247e+00
1.095890e+00
1.835616e+00
9.863014e-01
1.095890e+00
1.369863e+00
1.178082e+00
1.232877e+00
1.287671e+00
1.205479e+00
7.397260e-01
3.835616e-01
7.671233e-01
4.383562e-01
7.397260e-01
6.027397e-01
1.041096e+00
3.287671e-01
2.191781e-01
2.191781e-01
5.205479e-01
5.753425e-01
2.465753e-01
6.301370e-01
1.917808e-01
4.657534e-01
7.945205e-01
3.013699e-01
0.000000e+00
2.739726e-02
3.835616e-01
7.671233e-01
3.835616e-01
8.493151e-01
1.068493e+00
1.041096e+00
4.931507e-01
1.150685e+00
3.013699e-01
5.479452e-01
8.493151e-01
1.808219e+00
1.616438e+00
1.534247e+00
1.506849e+00
1.315068e+00
1.068493e+00
8.219178e-01
1.506849e+00
1.479452e+00
1.287671e+00
1.150685e+00
1.589041e+00
1.479452e+00
1.534247e+00
1.726027e+00
1.424658e+00
1.506849e+00
1.780822e+00
1.561644e+00
1.479452e+00
1.698630e+00
1.260274e+00
1.890411e+00
1.287671e+00
1.698630e+00
1.780822e+00
1.068493e+00
1.150685e+00
1.643836e+00
1.561644e+00
1.041096e+00
1.178082e+00
9.041096e-01
1.123288e+00
1.068493e+00
3.287671e-01
9.863014e-01
6.575342e-01
1.205479e+00
9.041096e-01
4.109589e-01
2.739726e-01
2.739726e-01
2.465753e-01
5.205479e-01
8.219178e-02
4.109589e-01
3.287671e-01
2.465753e-01
1.917808e-01
2.191781e-01
2.191781e-01
2.191781e-01
1.369863e-01
8.493151e-01
3.013699e-01
9.315068e-01
9.315068e-01
1.534247e+00
2.465753e-01
8.767123e-01
6.849315e-01
4.109589e-01
7.397260e-01
1.643836e+00
1.808219e+00
1.205479e+00
1.424658e+00
1.095890e+00
1.260274e+00
8.493151e-01
9.863014e-01
1.506849e+00
1.287671e+00
1.260274e+00
1.534247e+00
1.479452e+00
1.561644e+00
1.917808e+00
1.287671e+00
1.780822e+00
1.643836e+00
1.780822e+00
1.452055e+00
1.589041e+00
1.205479e+00
1.287671e+00
1.342466e+00
1.589041e+00
1.726027e+00
1.041096e+00
1.452055e+00
1.315068e+00
1.753425e+00
1.643836e+00
1.068493e+00
1.123288e+00
1.342466e+00
9.315068e-01
4.931507e-01
1.287671e+00
6.301370e-01
1.260274e+00
1.232877e+00
6.027397e-01
4.109589e-01
4.109589e-01
3.561644e-01
8.493151e-01
1.917808e-01
3.013699e-01
4.657534e-01
2.191781e-01
8.219178e-02
2.465753e-01
2.191781e-01
3.287671e-01
2.191781e-01
7.123288e-01
2.465753e-01
7.123288e-01
9.041096e-01
1.369863e+00
0.000000e+00
6.301370e-01
6.575342e-01
6.575342e-01
5.205479e-01
1.287671e+00
1.780822e+00
1.041096e+00
1.178082e+00
1.041096e+00
9.589041e-01
6.027397e-01
9.863014e-01
1.534247e+00
1.534247e+00
1.205479e+00
1.643836e+00
9.863014e-01
1.315068e+00
1.342466e+00
9.589041e-01
1.698630e+00
1.506849e+00
1.424658e+00
1.068493e+00
1.945205e+00
1.150685e+00
1.972603e+00
1.753425e+00
1.589041e+00
1.753425e+00
1.397260e+00
1.780822e+00
1.424658e+00
1.698630e+00
1.287671e+00
1.150685e+00
1.342466e+00
1.616438e+00
1.095890e+00
8.219178e-01
1.205479e+00
1.068493e+00
1.315068e+00
1.041096e+00
8.219178e-01
4.931507e-01
4.383562e-01
3.013699e-01
8.767123e-01
2.191781e-01
4.657534e-01
7.123288e-01
2.191781e-01
2.191781e-01
2.191781e-01
2.739726e-01
5.205479e-01
2.191781e-01
7.945205e-01
2.739726e-02
7.123288e-01
7.671233e-01
9.041096e-01
0.000000e+00
3.013699e-01
6.027397e-01
5.479452e-01
5.205479e-01
9.041096e-01
1.287671e+00
1.397260e+00
7.945205e-01
1.260274e+00
9.041096e-01
6.575342e-01
9.863014e-01
1.643836e+00
1.890411e+00
1.342466e+00
1.534247e+00
1.205479e+00
1.287671e+00
1.178082e+00
1.095890e+00
1.890411e+00
1.205479e+00
1.342466e+00
1.452055e+00
1.972603e+00
1.452055e+00
1.945205e+00
1.287671e+00
1.479452e+00
1.835616e+00
1.424658e+00
1.452055e+00
1.452055e+00
1.452055e+00
1.452055e+00
1.369863e+00
1.178082e+00
1.726027e+00
1.150685e+00
1.041096e+00
1.397260e+00
1.287671e+00
1.178082e+00
1.123288e+00
1.095890e+00
7.397260e-01
6.575342e-01
3.835616e-01
8.219178e-01
4.383562e-01
9.041096e-01
8.767123e-01
3.561644e-01
2.191781e-01
2.191781e-01
3.561644e-01
7.397260e-01
2.191781e-01
6.301370e-01
1.917808e-01
4.657534e-01
4.931507e-01
6.575342e-01
0.000000e+00
0.000000e+00
4.109589e-01
6.575342e-01
4.383562e-01
7.123288e-01
1.068493e+00
1.287671e+00
4.657534e-01
9.315068e-01
6.301370e-01
4.383562e-01
7.671233e-01
1.671233e+00
1.698630e+00
1.534247e+00
1.397260e+00
1.068493e+00
1.342466e+00
7.671233e-01
7.945205e-01
1.424658e+00
1.616438e+00
1.287671e+00
1.260274e+00
1.479452e+00
1.698630e+00
1.534247e+00
1.369863e+00
1.452055e+00
1.917808e+00
1.424658e+00
1.342466e+00
1.726027e+00
1.315068e+00
1.945205e+00
1.342466e+00
1.424658e+00
1.780822e+00
8.767123e-01
1.287671e+00
1.589041e+00
1.753425e+00
1.013699e+00
1.397260e+00
1.178082e+00
9.863014e-01
1.041096e+00
3.835616e-01
7.945205e-01
6.301370e-01
1.369863e+00
7.945205e-01
3.287671e-01
4.383562e-01
2.465753e-01
1.369863e-01
6.575342e-01
8.219178e-02
8.219178e-02
5.753425e-01
1.095890e-01
3.835616e-01
2.191781e-01
2.191781e-01
2.191781e-01
1.369863e-01
6.027397e-01
4.931507e-01
1.041096e+00
9.315068e-01
1.397260e+00
4.383562e-01
7.123288e-01
7.397260e-01
4.383562e-01
6.575342e-01
1.561644e+00
1.452055e+00
1.342466e+00
1.123288e+00
1.013699e+00
1.123288e+00
5.479452e-01
7.123288e-01
1.479452e+00
1.534247e+00
1.424658e+00
1.287671e+00
1.616438e+00
1.506849e+00
1.671233e+00
1.315068e+00
1.561644e+00
2.246575e+00
1.424658e+00
1.342466e+00
1.561644e+00
1.342466e+00
1.479452e+00
1.123288e+00
1.369863e+00
1.643836e+00
1.068493e+00
1.315068e+00
1.506849e+00
1.780822e+00
1.506849e+00
1.397260e+00
1.287671e+00
1.095890e+00
9.041096e-01
6.849315e-01
9.863014e-01
7.123288e-01
1.397260e+00
1.232877e+00
6.575342e-01
5.753425e-01
3.561644e-01
2.465753e-01
8.219178e-01
3.561644e-01
8.219178e-02
4.931507e-01
5.479452e-02
2.465753e-01
2.465753e-01
2.191781e-01
3.287671e-01
2.191781e-01
5.205479e-01
4.383562e-01
6.575342e-01
9.589041e-01
1.260274e+00
2.465753e-01
4.109589e-01
6.575342e-01
5.479452e-01
7.123288e-01
1.150685e+00
1.178082e+00
1.397260e+00
9.589041e-01
1.123288e+00
1.095890e+00
4.383562e-01
8.493151e-01
1.369863e+00
1.561644e+00
1.589041e+00
1.315068e+00
1.178082e+00
1.232877e+00
1.369863e+00
9.041096e-01
1.671233e+00
2.027397e+00
1.260274e+00
1.068493e+00
1.643836e+00
1.452055e+00
1.863014e+00
1.534247e+00
1.424658e+00
1.780822e+00
1.260274e+00
1.424658e+00
1.917808e+00
1.506849e+00
1.397260e+00
1.369863e+00
1.424658e+00
1.369863e+00
1.013699e+00
1.068493e+00
9.315068e-01
1.205479e+00
1.287671e+00
1.205479e+00
8.767123e-01
6.301370e-01
4.109589e-01
2.465753e-01
7.945205e-01
3.835616e-01
4.931507e-01
4.931507e-01
5.479452e-02
3.835616e-01
2.191781e-01
2.191781e-01
5.753425e-01
2.191781e-01
4.657534e-01
3.561644e-01
6.575342e-01
8.219178e-01
8.767123e-01
1.643836e-01
8.219178e-02
6.027397e-01
4.383562e-01
7.123288e-01
7.123288e-01
1.013699e+00
1.260274e+00
6.301370e-01
7.671233e-01
8.493151e-01
3.013699e-01
7.671233e-01
1.835616e+00
1.780822e+00
1.534247e+00
1.452055e+00
1.205479e+00
1.452055e+00
9.041096e-01
1.013699e+00
1.479452e+00
1.863014e+00
1.287671e+00
1.369863e+00
1.780822e+00
1.726027e+00
1.863014e+00
1.178082e+00
1.616438e+00
1.863014e+00
1.232877e+00
1.205479e+00
1.698630e+00
1.342466e+00
1.589041e+00
1.369863e+00
1.041096e+00
1.561644e+00
1.041096e+00
1.150685e+00
1.232877e+00
1.534247e+00
1.068493e+00
1.452055e+00
1.287671e+00
7.945205e-01
6.849315e-01
4.109589e-01
6.849315e-01
3.835616e-01
1.123288e+00
5.479452e-01
2.465753e-01
3.287671e-01
2.191781e-01
2.191781e-01
8.767123e-01
2.191781e-01
3.013699e-01
5.205479e-01
4.109589e-01
5.479452e-01
7.671233e-01
2.739726e-02
0.000000e+00
1.917808e-01
6.027397e-01
5.753425e-01
1.095890e+00
5.479452e-01
1.534247e+00
6.575342e-01
7.671233e-01
8.219178e-01
4.383562e-01
4.931507e-01
1.424658e+00
2.164384e+00
1.424658e+00
1.369863e+00
1.095890e+00
1.178082e+00
1.068493e+00
5.479452e-01
1.424658e+00
1.452055e+00
1.671233e+00
1.123288e+00
1.397260e+00
1.726027e+00
1.369863e+00
1.506849e+00
1.342466e+00
1.726027e+00
1.780822e+00
1.315068e+00
1.643836e+00
1.424658e+00
1.808219e+00
1.424658e+00
1.561644e+00
1.780822e+00
1.178082e+00
1.452055e+00
1.369863e+00
1.616438e+00
1.123288e+00
1.041096e+00
9.863014e-01
1.095890e+00
8.219178e-01
6.575342e-01
7.945205e-01
5.479452e-01
1.150685e+00
1.123288e+00
5.205479e-01
2.465753e-01
4.383562e-01
5.479452e-02
5.753425e-01
1.917808e-01
8.219178e-02
4.383562e-01
1.643836e-01
4.383562e-01
2.191781e-01
0.000000e+00
4.383562e-01
0.000000e+00
6.027397e-01
5.205479e-01
6.575342e-01
7.671233e-01
1.369863e+00
4.383562e-01
3.287671e-01
7.397260e-01
4.109589e-01
7.397260e-01
1.561644e+00
1.534247e+00
1.452055e+00
9.863014e-01
1.287671e+00
9.041096e-01
7.397260e-01
4.109589e-01
1.369863e+00
1.671233e+00
1.452055e+00
1.287671e+00
1.397260e+00
1.753425e+00
1.479452e+00
1.424658e+00
1.342466e+00
2.027397e+00
1.890411e+00
1.287671e+00
1.534247e+00
1.424658e+00
1.260274e+00
1.315068e+00
1.506849e+00
1.452055e+00
1.342466e+00
1.506849e+00
1.342466e+00
1.424658e+00
1.917808e+00
1.095890e+00
1.287671e+00
1.178082e+00
8.493151e-01
9.315068e-01
1.013699e+00
6.849315e-01
9.589041e-01
1.397260e+00
6.849315e-01
6.027397e-01
3.835616e-01
1.917808e-01
7.397260e-01
4.657534e-01
2.191781e-01
3.013699e-01
1.095890e-01
2.191781e-01
3.287671e-01
0.000000e+00
4.383562e-01
1.095890e-01
6.575342e-01
4.109589e-01
6.575342e-01
7.671233e-01
8.493151e-01
3.561644e-01
8.219178e-02
6.027397e-01
3.013699e-01
7.397260e-01
1.232877e+00
1.041096e+00
1.643836e+00
8.219178e-01
1.315068e+00
9.863014e-01
6.301370e-01
5.205479e-01
1.424658e+00
1.616438e+00
1.616438e+00
1.260274e+00
1.178082e+00
1.287671e+00
1.369863e+00
7.671233e-01
1.452055e+00
1.972603e+00
1.753425e+00
9.863014e-01
1.315068e+00
1.698630e+00
1.452055e+00
1.890411e+00
1.534247e+00
1.589041e+00
1.369863e+00
1.698630e+00
1.835616e+00
1.342466e+00
1.698630e+00
1.013699e+00
1.150685e+00
1.506849e+00
1.041096e+00
1.315068e+00
9.863014e-01
9.589041e-01
1.123288e+00
1.424658e+00
1.068493e+00
7.397260e-01
3.561644e-01
1.917808e-01
7.671233e-01
4.383562e-01
4.657534e-01
3.013699e-01
0.000000e+00
2.191781e-01
4.383562e-01
0.000000e+00
6.027397e-01
1.917808e-01
6.027397e-01
4.383562e-01
4.109589e-01
5.753425e-01
6.575342e-01
2.191781e-01
0.000000e+00
1.917808e-01
4.657534e-01
6.027397e-01
9.863014e-01
6.301370e-01
1.506849e+00
6.575342e-01
8.219178e-01
9.315068e-01
2.739726e-01
4.931507e-01
1.616438e+00
2.000000e+00
1.643836e+00
1.342466e+00
1.315068e+00
1.287671e+00
1.178082e+00
7.945205e-01
1.123288e+00
2.027397e+00
1.561644e+00
1.178082e+00
1.698630e+00
1.780822e+00
1.534247e+00
1.643836e+00
1.698630e+00
1.534247e+00
1.479452e+00
1.534247e+00
1.369863e+00
1.424658e+00
1.753425e+00
1.123288e+00
1.205479e+00
1.479452e+00
1.205479e+00
1.342466e+00
1.178082e+00
1.260274e+00
1.123288e+00
1.287671e+00
1.123288e+00
1.041096e+00
5.753425e-01
3.561644e-01
7.945205e-01
4.383562e-01
8.767123e-01
7.123288e-01
3.561644e-01
1.643836e-01
4.383562e-01
0.000000e+00
9.041096e-01
1.917808e-01
4.383562e-01
4.383562e-01
