1.726248e+00
1.829308e+00
1.661836e+00
1.790660e+00
1.674718e+00
1.623188e+00
1.713366e+00
1.790660e+00
1.249597e+00
1.236715e+00
1.494364e+00
1.236715e+00
1.507246e+00
1.764895e+00
1.661836e+00
1.545894e+00
6.441224e-02
0.000000e+00
3.478261e-01
3.735910e-01
1.185185e+00
1.713366e+00
9.790660e-01
1.674718e-01
1.674718e-01
2.447665e-01
1.545894e-01
0.000000e+00
7.729469e-02
6.570048e-01
5.668277e-01
2.576490e-02
7.471820e-01
2.190016e-01
1.030596e-01
6.441224e-02
5.024155e-01
0.000000e+00
0.000000e+00
2.576490e-01
1.494364e+00
1.326892e+00
6.183575e-01
2.834138e-01
7.729469e-02
3.993559e-01
3.993559e-01
6.312399e-01
1.404187e+00
1.739130e+00
1.262480e+00
7.987118e-01
9.919485e-01
1.301127e+00
1.339775e+00
1.932367e+00
1.919485e+00
1.584541e+00
1.674718e+00
1.520129e+00
1.919485e+00
1.687601e+00
1.816425e+00
1.752013e+00
1.867955e+00
1.700483e+00
1.713366e+00
1.726248e+00
1.661836e+00
1.739130e+00
1.867955e+00
1.893720e+00
1.468599e+00
1.623188e+00
1.597424e+00
1.442834e+00
1.494364e+00
1.764895e+00
1.687601e+00
1.507246e+00
1.545894e-01
1.159420e-01
6.054750e-01
6.054750e-01
1.417069e+00
1.648953e+00
1.107890e+00
5.024155e-01
2.061192e-01
2.318841e-01
1.545894e-01
0.000000e+00
3.220612e-01
1.095008e+00
8.244767e-01
7.729469e-02
3.607085e-01
1.417069e-01
2.576490e-02
5.152979e-02
3.349436e-01
0.000000e+00
0.000000e+00
1.803543e-01
1.494364e+00
1.017713e+00
3.864734e-01
1.803543e-01
2.447665e-01
3.478261e-01
3.091787e-01
6.183575e-01
1.417069e+00
1.700483e+00
1.339775e+00
5.797101e-01
5.281804e-01
9.404187e-01
9.533011e-01
1.648953e+00
1.803543e+00
1.648953e+00
1.494364e+00
1.481481e+00
1.932367e+00
1.610306e+00
1.726248e+00
1.674718e+00
1.867955e+00
1.713366e+00
1.597424e+00
1.687601e+00
1.842190e+00
1.713366e+00
1.764895e+00
1.803543e+00
1.636071e+00
1.906602e+00
1.687601e+00
1.571659e+00
1.417069e+00
1.739130e+00
1.687601e+00
1.752013e+00
5.024155e-01
3.349436e-01
1.004831e+00
8.631240e-01
1.455717e+00
1.726248e+00
1.326892e+00
7.342995e-01
2.318841e-01
1.417069e-01
1.545894e-01
3.864734e-02
7.342995e-01
1.455717e+00
1.082126e+00
1.159420e-01
1.288245e-02
1.030596e-01
0.000000e+00
0.000000e+00
1.803543e-01
2.576490e-02
0.000000e+00
1.674718e-01
1.507246e+00
7.729469e-01
2.576490e-01
1.159420e-01
3.993559e-01
1.417069e-01
1.159420e-01
4.766506e-01
1.275362e+00
1.661836e+00
1.082126e+00
3.864734e-01
2.576490e-01
6.441224e-01
7.858293e-01
1.223833e+00
1.739130e+00
1.545894e+00
1.533011e+00
1.404187e+00
1.648953e+00
1.700483e+00
1.713366e+00
1.829308e+00
1.880837e+00
1.648953e+00
1.661836e+00
1.687601e+00
1.803543e+00
1.700483e+00
1.855072e+00
1.700483e+00
1.700483e+00
1.777778e+00
1.700483e+00
1.726248e+00
1.610306e+00
1.687601e+00
1.661836e+00
1.880837e+00
8.244767e-01
8.115942e-01
1.429952e+00
9.017713e-01
1.571659e+00
1.764895e+00
1.442834e+00
1.069243e+00
1.674718e-01
0.000000e+00
1.030596e-01
2.447665e-01
9.533011e-01
1.726248e+00
1.043478e+00
1.417069e-01
6.441224e-02
2.447665e-01
6.441224e-02
0.000000e+00
5.152979e-02
1.932367e-01
2.834138e-01
9.017713e-02
1.198068e+00
3.735910e-01
2.061192e-01
9.017713e-02
5.152979e-01
3.864734e-02
1.288245e-02
2.705314e-01
1.249597e+00
1.597424e+00
8.244767e-01
2.705314e-01
9.017713e-02
4.637681e-01
5.797101e-01
1.030596e+00
1.687601e+00
1.726248e+00
1.326892e+00
1.146538e+00
1.339775e+00
1.571659e+00
1.597424e+00
1.919485e+00
1.867955e+00
1.584541e+00
1.842190e+00
1.429952e+00
1.829308e+00
1.752013e+00
1.777778e+00
1.790660e+00
1.803543e+00
1.764895e+00
1.648953e+00
1.752013e+00
1.803543e+00
1.648953e+00
1.648953e+00
1.739130e+00
1.288245e+00
1.262480e+00
1.236715e+00
1.365539e+00
1.481481e+00
1.867955e+00
1.558776e+00
1.636071e+00
2.190016e-01
0.000000e+00
1.932367e-01
3.091787e-01
1.043478e+00
1.661836e+00
1.262480e+00
1.417069e-01
1.417069e-01
2.705314e-01
1.545894e-01
0.000000e+00
2.576490e-02
5.281804e-01
6.956522e-01
7.729469e-02
7.085346e-01
3.607085e-01
0.000000e+00
1.288245e-01
5.410628e-01
0.000000e+00
0.000000e+00
1.545894e-01
1.236715e+00
1.455717e+00
9.661836e-01
2.834138e-01
7.729469e-02
3.091787e-01
2.834138e-01
6.183575e-01
1.494364e+00
1.855072e+00
1.455717e+00
7.085346e-01
1.017713e+00
1.210950e+00
1.288245e+00
1.739130e+00
1.764895e+00
1.700483e+00
1.571659e+00
1.378422e+00
1.752013e+00
1.803543e+00
1.713366e+00
1.687601e+00
1.958132e+00
1.636071e+00
1.867955e+00
1.610306e+00
1.777778e+00
1.687601e+00
1.829308e+00
1.803543e+00
1.442834e+00
1.636071e+00
1.391304e+00
1.584541e+00
1.494364e+00
1.855072e+00
1.558776e+00
1.623188e+00
2.834138e-01
1.030596e-01
3.607085e-01
5.539452e-01
1.352657e+00
1.623188e+00
1.314010e+00
5.668277e-01
2.576490e-01
2.576490e-01
1.545894e-01
0.000000e+00
1.803543e-01
9.533011e-01
1.030596e+00
7.729469e-02
2.962963e-01
2.318841e-01
0.000000e+00
3.864734e-02
3.735910e-01
0.000000e+00
0.000000e+00
1.545894e-01
1.378422e+00
1.172303e+00
5.410628e-01
2.576490e-01
2.447665e-01
2.576490e-01
2.447665e-01
5.024155e-01
1.378422e+00
1.816425e+00
1.610306e+00
5.539452e-01
6.441224e-01
7.987118e-01
8.244767e-01
1.481481e+00
1.752013e+00
1.752013e+00
1.481481e+00
1.339775e+00
1.584541e+00
1.777778e+00
1.623188e+00
1.803543e+00
1.880837e+00
1.558776e+00
1.842190e+00
1.610306e+00
1.764895e+00
1.700483e+00
1.829308e+00
1.803543e+00
1.661836e+00
1.867955e+00
1.623188e+00
1.636071e+00
1.545894e+00
1.764895e+00
1.533011e+00
1.764895e+00
5.668277e-01
3.864734e-01
6.312399e-01
8.760064e-01
1.429952e+00
1.739130e+00
1.533011e+00
7.858293e-01
3.220612e-01
1.674718e-01
1.545894e-01
0.000000e+00
5.410628e-01
1.339775e+00
1.262480e+00
1.674718e-01
2.576490e-02
1.030596e-01
0.000000e+00
0.000000e+00
1.803543e-01
1.288245e-02
1.288245e-02
1.545894e-01
1.378422e+00
1.017713e+00
2.705314e-01
1.803543e-01
4.380032e-01
1.159420e-01
3.864734e-02
3.478261e-01
1.172303e+00
1.700483e+00
1.494364e+00
3.349436e-01
3.349436e-01
5.281804e-01
6.827697e-01
1.069243e+00
1.674718e+00
1.893720e+00
1.481481e+00
9.661836e-01
1.391304e+00
1.558776e+00
1.520129e+00
1.829308e+00
1.945250e+00
1.533011e+00
1.855072e+00
1.558776e+00
1.764895e+00
1.739130e+00
1.816425e+00
1.726248e+00
1.687601e+00
1.803543e+00
1.636071e+00
1.803543e+00
1.648953e+00
1.674718e+00
1.661836e+00
1.829308e+00
8.760064e-01
8.115942e-01
1.017713e+00
1.095008e+00
1.533011e+00
1.842190e+00
1.468599e+00
1.172303e+00
3.091787e-01
0.000000e+00
1.030596e-01
1.030596e-01
7.729469e-01
1.661836e+00
1.288245e+00
1.417069e-01
3.864734e-02
2.705314e-01
6.441224e-02
0.000000e+00
5.152979e-02
1.159420e-01
3.220612e-01
1.288245e-01
1.120773e+00
5.797101e-01
1.288245e-01
1.545894e-01
5.539452e-01
3.864734e-02
0.000000e+00
1.288245e-01
1.107890e+00
1.661836e+00
1.210950e+00
2.962963e-01
1.030596e-01
3.478261e-01
4.380032e-01
9.404187e-01
1.648953e+00
1.610306e+00
1.739130e+00
6.570048e-01
1.069243e+00
1.095008e+00
1.339775e+00
1.610306e+00
1.816425e+00
1.752013e+00
1.752013e+00
1.468599e+00
1.764895e+00
1.880837e+00
1.687601e+00
1.752013e+00
1.777778e+00
1.790660e+00
1.790660e+00
1.533011e+00
1.855072e+00
1.700483e+00
1.610306e+00
1.752013e+00
1.417069e+00
1.223833e+00
1.198068e+00
1.352657e+00
1.468599e+00
1.648953e+00
1.764895e+00
1.623188e+00
2.190016e-01
0.000000e+00
6.441224e-02
4.122383e-01
7.214171e-01
1.558776e+00
1.597424e+00
2.576490e-01
1.030596e-01
2.834138e-01
1.545894e-01
2.576490e-02
1.288245e-02
3.864734e-01
6.570048e-01
2.705314e-01
4.508857e-01
6.312399e-01
1.288245e-02
1.288245e-01
5.152979e-01
2.576490e-02
0.000000e+00
1.288245e-01
8.888889e-01
1.584541e+00
1.159420e+00
3.220612e-01
7.729469e-02
2.061192e-01
2.705314e-01
7.214171e-01
1.507246e+00
1.558776e+00
1.842190e+00
6.312399e-01
7.342995e-01
5.925926e-01
9.404187e-01
1.301127e+00
1.713366e+00
1.713366e+00
1.648953e+00
1.326892e+00
1.674718e+00
1.958132e+00
1.571659e+00
1.764895e+00
1.932367e+00
1.829308e+00
1.919485e+00
1.455717e+00
1.700483e+00
1.790660e+00
1.777778e+00
1.764895e+00
1.481481e+00
1.558776e+00
1.417069e+00
1.558776e+00
1.636071e+00
1.571659e+00
1.713366e+00
1.648953e+00
3.735910e-01
1.030596e-01
1.932367e-01
5.925926e-01
1.017713e+00
1.636071e+00
1.610306e+00
6.312399e-01
2.190016e-01
2.705314e-01
1.545894e-01
2.576490e-02
1.288245e-01
7.471820e-01
1.082126e+00
2.834138e-01
1.674718e-01
3.607085e-01
0.000000e+00
3.864734e-02
3.607085e-01
1.288245e-02
0.000000e+00
1.545894e-01
9.275362e-01
1.481481e+00
6.956522e-01
2.705314e-01
2.318841e-01
1.932367e-01
2.318841e-01
5.668277e-01
1.185185e+00
1.571659e+00
1.674718e+00
4.251208e-01
3.478261e-01
3.735910e-01
6.698873e-01
1.069243e+00
1.803543e+00
1.674718e+00
1.610306e+00
1.236715e+00
1.623188e+00
1.739130e+00
1.661836e+00
1.764895e+00
1.790660e+00
1.777778e+00
1.829308e+00
1.520129e+00
1.674718e+00
1.945250e+00
1.674718e+00
1.777778e+00
1.752013e+00
1.739130e+00
1.687601e+00
1.648953e+00
1.674718e+00
1.468599e+00
1.713366e+00
1.713366e+00
6.183575e-01
4.380032e-01
4.766506e-01
8.631240e-01
1.198068e+00
1.713366e+00
1.764895e+00
8.760064e-01
2.834138e-01
2.061192e-01
1.288245e-01
2.576490e-02
3.735910e-01
1.146538e+00
1.365539e+00
4.251208e-01
1.288245e-02
9.017713e-02
2.576490e-02
0.000000e+00
1.803543e-01
1.288245e-02
1.288245e-02
1.545894e-01
8.760064e-01
1.378422e+00
4.380032e-01
1.803543e-01
4.122383e-01
1.030596e-01
6.441224e-02
3.349436e-01
1.004831e+00
1.597424e+00
1.417069e+00
3.864734e-01
1.030596e-01
2.705314e-01
3.864734e-01
9.404187e-01
1.764895e+00
1.752013e+00
1.674718e+00
8.760064e-01
1.429952e+00
1.429952e+00
1.636071e+00
1.752013e+00
1.726248e+00
1.803543e+00
1.816425e+00
1.494364e+00
1.726248e+00
1.893720e+00
1.623188e+00
1.855072e+00
1.829308e+00
1.687601e+00
1.764895e+00
1.700483e+00
1.726248e+00
1.623188e+00
1.713366e+00
1.700483e+00
9.661836e-01
8.373591e-01
8.244767e-01
1.146538e+00
1.365539e+00
1.777778e+00
1.713366e+00
1.185185e+00
2.962963e-01
1.288245e-02
7.729469e-02
1.288245e-01
5.539452e-01
1.378422e+00
1.610306e+00
3.220612e-01
1.288245e-02
2.705314e-01
7.729469e-02
1.288245e-02
5.152979e-02
9.017713e-02
2.190016e-01
2.576490e-01
7.214171e-01
9.146538e-01
2.190016e-01
1.545894e-01
5.281804e-01
3.864734e-02
2.576490e-02
1.030596e-01
6.698873e-01
1.571659e+00
1.288245e+00
4.508857e-01
1.674718e-01
0.000000e+00
4.637681e-01
6.183575e-01
1.829308e+00
1.417069e+00
1.842190e+00
1.004831e+00
9.533011e-01
1.095008e+00
1.236715e+00
1.391304e+00
1.777778e+00
1.790660e+00
1.726248e+00
1.520129e+00
1.777778e+00
1.674718e+00
1.764895e+00
1.842190e+00
1.674718e+00
1.816425e+00
1.803543e+00
1.610306e+00
1.803543e+00
1.636071e+00
1.700483e+00
1.764895e+00
1.481481e+00
1.365539e+00
1.120773e+00
1.468599e+00
1.391304e+00
1.584541e+00
1.726248e+00
1.558776e+00
2.061192e-01
2.576490e-02
1.288245e-02
4.380032e-01
5.024155e-01
1.378422e+00
1.636071e+00
6.312399e-01
5.152979e-02
2.447665e-01
1.674718e-01
1.288245e-01
0.000000e+00
2.061192e-01
7.085346e-01
3.864734e-01
4.251208e-01
6.312399e-01
1.288245e-01
1.288245e-01
3.607085e-01
1.803543e-01
0.000000e+00
3.864734e-02
7.085346e-01
1.442834e+00
9.404187e-01
2.705314e-01
2.061192e-01
1.159420e-01
3.993559e-01
5.152979e-01
1.648953e+00
1.391304e+00
1.842190e+00
1.069243e+00
6.441224e-01
5.410628e-01
9.146538e-01
1.056361e+00
1.661836e+00
1.752013e+00
1.700483e+00
1.352657e+00
1.674718e+00
1.867955e+00
1.610306e+00
1.752013e+00
1.842190e+00
1.842190e+00
1.803543e+00
1.584541e+00
1.739130e+00
1.610306e+00
1.867955e+00
1.880837e+00
1.455717e+00
1.687601e+00
1.468599e+00
1.597424e+00
1.545894e+00
1.545894e+00
1.687601e+00
1.597424e+00
4.766506e-01
1.159420e-01
1.030596e-01
7.085346e-01
7.858293e-01
1.494364e+00
1.610306e+00
8.631240e-01
1.159420e-01
2.705314e-01
1.545894e-01
1.288245e-01
5.152979e-02
5.152979e-01
1.146538e+00
5.281804e-01
2.061192e-01
3.607085e-01
7.729469e-02
3.864734e-02
3.091787e-01
6.441224e-02
0.000000e+00
3.864734e-02
6.827697e-01
1.391304e+00
6.570048e-01
1.674718e-01
2.834138e-01
1.674718e-01
1.417069e-01
2.962963e-01
1.210950e+00
1.365539e+00
1.700483e+00
8.373591e-01
3.735910e-01
2.318841e-01
6.956522e-01
9.017713e-01
1.855072e+00
1.623188e+00
1.713366e+00
1.339775e+00
1.507246e+00
1.700483e+00
1.726248e+00
1.648953e+00
1.674718e+00
1.829308e+00
1.790660e+00
1.545894e+00
1.803543e+00
1.700483e+00
1.777778e+00
1.867955e+00
1.661836e+00
1.880837e+00
1.764895e+00
1.636071e+00
1.648953e+00
1.455717e+00
1.687601e+00
1.661836e+00
7.214171e-01
4.895330e-01
2.962963e-01
1.095008e+00
9.790660e-01
1.558776e+00
1.739130e+00
1.069243e+00
1.803543e-01
2.705314e-01
6.441224e-02
1.288245e-01
1.932367e-01
9.275362e-01
1.442834e+00
7.471820e-01
1.288245e-01
1.288245e-02
1.030596e-01
0.000000e+00
1.674718e-01
1.288245e-02
2.576490e-02
3.864734e-02
5.281804e-01
1.004831e+00
3.478261e-01
1.545894e-01
3.735910e-01
1.803543e-01
3.864734e-02
7.729469e-02
9.661836e-01
1.429952e+00
1.507246e+00
6.441224e-01
1.932367e-01
6.441224e-02
5.024155e-01
7.987118e-01
1.855072e+00
1.623188e+00
1.842190e+00
1.095008e+00
1.314010e+00
1.352657e+00
1.648953e+00
1.584541e+00
1.700483e+00
1.816425e+00
1.739130e+00
1.571659e+00
1.752013e+00
1.764895e+00
1.687601e+00
1.906602e+00
1.764895e+00
1.764895e+00
1.752013e+00
1.726248e+00
1.764895e+00
1.533011e+00
1.687601e+00
1.752013e+00
1.004831e+00
9.533011e-01
7.342995e-01
1.326892e+00
1.185185e+00
1.661836e+00
1.752013e+00
1.198068e+00
1.932367e-01
1.159420e-01
2.576490e-02
1.674718e-01
3.220612e-01
1.185185e+00
1.700483e+00
6.698873e-01
1.030596e-01
1.545894e-01
1.417069e-01
6.441224e-02
5.152979e-02
1.288245e-02
2.190016e-01
2.447665e-01
