1.374570e+00
1.484536e+00
9.072165e-01
1.676976e+00
1.484536e+00
1.264605e+00
1.374570e+00
1.649485e+00
1.402062e+00
1.292096e+00
1.567010e+00
1.841924e+00
1.676976e+00
1.814433e+00
1.017182e+00
1.402062e+00
9.621993e-01
3.298969e-01
9.072165e-01
2.749141e-01
6.872852e-01
8.522337e-01
1.127148e+00
7.147766e-01
4.123711e-01
2.474227e-01
4.673540e-01
1.649485e-01
3.298969e-01
3.848797e-01
1.374570e+00
2.199313e-01
4.398625e-01
6.048110e-01
3.848797e-01
5.498282e-02
3.848797e-01
3.848797e-01
4.673540e-01
0.000000e+00
7.972509e-01
1.237113e+00
2.474227e-01
3.573883e-01
7.972509e-01
6.872852e-01
5.223368e-01
1.374570e+00
8.522337e-01
1.676976e+00
1.072165e+00
1.044674e+00
9.072165e-01
1.264605e+00
1.429553e+00
1.869416e+00
1.484536e+00
1.594502e+00
1.484536e+00
1.237113e+00
2.006873e+00
1.429553e+00
1.649485e+00
1.567010e+00
1.237113e+00
1.402062e+00
1.072165e+00
1.512027e+00
1.676976e+00
1.292096e+00
1.539519e+00
1.814433e+00
1.512027e+00
1.374570e+00
1.649485e+00
1.869416e+00
1.786942e+00
1.759450e+00
1.264605e+00
1.484536e+00
1.154639e+00
6.872852e-01
8.247423e-01
6.872852e-01
1.017182e+00
1.237113e+00
1.209622e+00
9.072165e-01
3.024055e-01
1.924399e-01
6.872852e-01
0.000000e+00
2.199313e-01
3.573883e-01
1.237113e+00
5.498282e-02
5.223368e-01
4.398625e-01
2.474227e-01
2.199313e-01
4.398625e-01
2.199313e-01
5.498282e-01
1.924399e-01
5.223368e-01
1.237113e+00
4.398625e-01
2.749141e-01
7.147766e-01
4.673540e-01
6.323024e-01
1.017182e+00
9.896907e-01
1.512027e+00
4.673540e-01
1.099656e+00
7.972509e-01
1.594502e+00
1.154639e+00
1.676976e+00
1.484536e+00
1.621993e+00
1.649485e+00
9.896907e-01
1.621993e+00
1.154639e+00
1.374570e+00
1.649485e+00
1.567010e+00
1.539519e+00
1.429553e+00
1.567010e+00
1.649485e+00
1.374570e+00
1.402062e+00
1.621993e+00
1.209622e+00
1.512027e+00
1.292096e+00
1.731959e+00
1.841924e+00
1.457045e+00
1.402062e+00
1.292096e+00
1.182131e+00
9.347079e-01
1.154639e+00
9.621993e-01
1.209622e+00
1.594502e+00
1.182131e+00
1.429553e+00
7.147766e-01
8.247423e-02
6.597938e-01
0.000000e+00
4.123711e-01
4.398625e-01
1.154639e+00
1.099656e-01
4.948454e-01
5.223368e-01
1.924399e-01
2.199313e-01
3.573883e-01
3.298969e-01
7.972509e-01
2.199313e-01
3.298969e-01
9.896907e-01
4.123711e-01
1.374570e-01
5.223368e-01
3.573883e-01
5.223368e-01
8.797251e-01
1.154639e+00
1.374570e+00
5.223368e-01
8.522337e-01
7.147766e-01
1.457045e+00
9.896907e-01
1.539519e+00
1.072165e+00
1.512027e+00
1.374570e+00
1.182131e+00
1.567010e+00
1.072165e+00
1.512027e+00
1.704467e+00
1.402062e+00
1.347079e+00
1.374570e+00
1.484536e+00
1.786942e+00
1.594502e+00
1.429553e+00
1.402062e+00
1.292096e+00
1.347079e+00
1.292096e+00
1.402062e+00
2.006873e+00
1.182131e+00
1.429553e+00
1.621993e+00
1.567010e+00
1.347079e+00
1.429553e+00
1.621993e+00
1.292096e+00
1.869416e+00
1.319588e+00
1.484536e+00
7.147766e-01
1.374570e-01
5.773196e-01
1.649485e-01
3.573883e-01
4.948454e-01
9.347079e-01
4.123711e-01
3.573883e-01
3.573883e-01
4.123711e-01
2.199313e-01
3.848797e-01
4.673540e-01
1.099656e+00
2.199313e-01
4.398625e-01
7.422680e-01
3.848797e-01
0.000000e+00
6.048110e-01
4.123711e-01
4.948454e-01
2.749141e-01
9.621993e-01
1.539519e+00
3.298969e-01
6.048110e-01
6.872852e-01
8.247423e-01
6.048110e-01
1.731959e+00
9.896907e-01
1.649485e+00
1.237113e+00
1.154639e+00
1.154639e+00
1.237113e+00
1.649485e+00
1.649485e+00
1.594502e+00
1.676976e+00
1.319588e+00
1.567010e+00
1.539519e+00
1.457045e+00
1.512027e+00
1.786942e+00
1.621993e+00
1.347079e+00
7.147766e-01
1.594502e+00
1.621993e+00
1.347079e+00
1.512027e+00
1.457045e+00
1.539519e+00
1.209622e+00
1.704467e+00
1.649485e+00
1.814433e+00
1.567010e+00
1.154639e+00
1.374570e+00
9.621993e-01
4.123711e-01
7.972509e-01
3.298969e-01
6.323024e-01
1.072165e+00
8.247423e-01
8.247423e-01
5.223368e-01
1.099656e-01
6.048110e-01
1.649485e-01
2.474227e-01
2.199313e-01
1.264605e+00
4.673540e-01
3.024055e-01
6.872852e-01
4.398625e-01
5.498282e-02
2.199313e-01
4.948454e-01
2.474227e-01
2.749141e-01
9.347079e-01
1.237113e+00
4.948454e-01
2.474227e-01
5.773196e-01
7.972509e-01
2.749141e-01
1.457045e+00
8.522337e-01
1.649485e+00
1.292096e+00
8.797251e-01
7.972509e-01
1.457045e+00
1.484536e+00
1.704467e+00
1.374570e+00
1.814433e+00
1.484536e+00
1.237113e+00
1.319588e+00
1.209622e+00
1.182131e+00
1.924399e+00
1.759450e+00
1.099656e+00
1.127148e+00
1.374570e+00
1.786942e+00
1.292096e+00
1.594502e+00
1.512027e+00
1.759450e+00
1.209622e+00
1.704467e+00
1.841924e+00
1.676976e+00
1.731959e+00
1.319588e+00
1.457045e+00
9.896907e-01
9.072165e-01
5.773196e-01
7.147766e-01
1.044674e+00
1.319588e+00
1.127148e+00
1.044674e+00
3.298969e-01
2.749141e-02
8.797251e-01
0.000000e+00
2.199313e-01
1.099656e-01
1.237113e+00
2.474227e-01
4.673540e-01
5.773196e-01
2.474227e-01
2.199313e-01
1.924399e-01
4.673540e-01
2.474227e-01
4.123711e-01
6.872852e-01
1.017182e+00
6.872852e-01
2.199313e-01
4.673540e-01
6.597938e-01
2.199313e-01
1.347079e+00
9.621993e-01
1.676976e+00
6.597938e-01
8.797251e-01
7.422680e-01
1.621993e+00
1.347079e+00
1.402062e+00
1.182131e+00
1.512027e+00
1.374570e+00
1.347079e+00
1.154639e+00
1.319588e+00
1.484536e+00
1.621993e+00
1.759450e+00
1.512027e+00
1.182131e+00
1.621993e+00
1.731959e+00
1.319588e+00
1.292096e+00
1.731959e+00
1.457045e+00
1.292096e+00
1.347079e+00
1.731959e+00
1.676976e+00
1.649485e+00
1.484536e+00
1.099656e+00
1.292096e+00
9.347079e-01
1.044674e+00
9.347079e-01
1.264605e+00
1.539519e+00
1.127148e+00
1.512027e+00
6.597938e-01
1.649485e-01
7.147766e-01
0.000000e+00
4.123711e-01
3.024055e-01
1.017182e+00
3.024055e-01
4.673540e-01
5.223368e-01
3.298969e-01
2.199313e-01
1.649485e-01
4.123711e-01
6.597938e-01
3.573883e-01
5.223368e-01
7.697595e-01
6.323024e-01
1.374570e-01
2.749141e-01
4.948454e-01
2.474227e-01
1.072165e+00
9.896907e-01
1.621993e+00
7.422680e-01
4.948454e-01
7.697595e-01
1.374570e+00
9.621993e-01
1.649485e+00
1.072165e+00
1.731959e+00
1.264605e+00
1.264605e+00
7.972509e-01
1.457045e+00
1.539519e+00
1.594502e+00
1.539519e+00
1.374570e+00
1.209622e+00
1.512027e+00
1.786942e+00
1.319588e+00
1.621993e+00
1.457045e+00
1.429553e+00
1.264605e+00
1.072165e+00
1.676976e+00
1.704467e+00
1.347079e+00
1.429553e+00
1.649485e+00
1.814433e+00
1.264605e+00
1.429553e+00
1.484536e+00
1.402062e+00
1.896907e+00
1.292096e+00
1.347079e+00
6.872852e-01
1.649485e-01
6.872852e-01
5.498282e-02
4.398625e-01
5.223368e-01
6.048110e-01
6.323024e-01
3.573883e-01
3.298969e-01
5.498282e-01
2.199313e-01
1.924399e-01
4.123711e-01
1.127148e+00
3.298969e-01
4.398625e-01
6.872852e-01
4.673540e-01
0.000000e+00
3.573883e-01
5.498282e-01
2.474227e-01
6.048110e-01
9.896907e-01
1.512027e+00
6.872852e-01
2.749141e-01
7.697595e-01
9.072165e-01
4.123711e-01
1.731959e+00
1.044674e+00
1.237113e+00
1.594502e+00
7.697595e-01
1.017182e+00
1.264605e+00
1.429553e+00
1.759450e+00
1.731959e+00
1.347079e+00
1.704467e+00
1.182131e+00
1.731959e+00
1.484536e+00
1.457045e+00
1.814433e+00
1.539519e+00
1.786942e+00
9.621993e-01
1.182131e+00
1.567010e+00
1.512027e+00
1.567010e+00
1.099656e+00
1.567010e+00
1.347079e+00
1.374570e+00
1.484536e+00
1.951890e+00
1.621993e+00
1.594502e+00
1.072165e+00
9.347079e-01
5.223368e-01
8.247423e-01
2.749141e-01
3.848797e-01
9.347079e-01
8.522337e-01
1.127148e+00
4.398625e-01
2.199313e-01
6.872852e-01
0.000000e+00
3.848797e-01
1.099656e-01
1.127148e+00
6.323024e-01
0.000000e+00
9.896907e-01
3.024055e-01
1.374570e-01
1.099656e-01
4.948454e-01
3.573883e-01
3.298969e-01
8.247423e-01
1.127148e+00
8.797251e-01
2.199313e-01
6.048110e-01
7.422680e-01
3.298969e-01
1.292096e+00
1.072165e+00
1.319588e+00
1.154639e+00
5.498282e-01
9.621993e-01
1.484536e+00
1.292096e+00
1.457045e+00
1.594502e+00
1.319588e+00
1.759450e+00
1.099656e+00
1.402062e+00
1.127148e+00
1.429553e+00
1.814433e+00
1.869416e+00
1.374570e+00
1.347079e+00
1.072165e+00
1.759450e+00
1.402062e+00
1.402062e+00
1.319588e+00
1.567010e+00
1.731959e+00
1.237113e+00
1.512027e+00
1.979381e+00
1.786942e+00
1.759450e+00
1.127148e+00
9.072165e-01
9.347079e-01
7.422680e-01
6.597938e-01
7.422680e-01
1.264605e+00
1.264605e+00
1.209622e+00
3.298969e-01
2.749141e-02
8.797251e-01
0.000000e+00
2.199313e-01
0.000000e+00
9.347079e-01
6.597938e-01
1.924399e-01
8.797251e-01
1.924399e-01
1.374570e-01
2.199313e-01
4.398625e-01
4.123711e-01
3.573883e-01
5.498282e-01
9.896907e-01
1.017182e+00
2.199313e-01
4.673540e-01
6.597938e-01
2.199313e-01
1.182131e+00
9.072165e-01
1.567010e+00
1.099656e+00
3.024055e-01
8.522337e-01
1.374570e+00
9.347079e-01
1.567010e+00
1.484536e+00
1.017182e+00
1.676976e+00
1.099656e+00
1.429553e+00
1.072165e+00
1.567010e+00
1.649485e+00
1.814433e+00
1.457045e+00
1.567010e+00
1.292096e+00
1.841924e+00
1.457045e+00
1.264605e+00
1.457045e+00
1.127148e+00
1.924399e+00
9.621993e-01
1.539519e+00
1.786942e+00
1.731959e+00
1.676976e+00
9.896907e-01
1.402062e+00
9.072165e-01
1.154639e+00
7.422680e-01
1.182131e+00
1.429553e+00
1.319588e+00
1.512027e+00
6.048110e-01
2.199313e-01
7.147766e-01
0.000000e+00
1.924399e-01
2.199313e-01
1.072165e+00
5.498282e-01
2.199313e-01
7.972509e-01
4.123711e-01
0.000000e+00
2.474227e-01
3.298969e-01
6.597938e-01
4.673540e-01
5.223368e-01
6.872852e-01
7.422680e-01
2.749141e-01
2.199313e-01
5.498282e-01
2.199313e-01
9.347079e-01
1.044674e+00
1.374570e+00
1.099656e+00
2.474227e-01
6.872852e-01
9.072165e-01
5.223368e-01
1.402062e+00
1.292096e+00
1.264605e+00
1.649485e+00
9.621993e-01
1.209622e+00
1.127148e+00
1.512027e+00
1.704467e+00
1.484536e+00
1.044674e+00
1.594502e+00
1.264605e+00
1.731959e+00
1.567010e+00
1.539519e+00
1.594502e+00
1.347079e+00
1.869416e+00
8.797251e-01
1.319588e+00
1.814433e+00
1.567010e+00
1.457045e+00
1.319588e+00
1.731959e+00
1.457045e+00
1.347079e+00
1.319588e+00
1.457045e+00
1.704467e+00
1.594502e+00
1.319588e+00
7.422680e-01
2.199313e-01
6.872852e-01
0.000000e+00
2.749141e-01
4.123711e-01
6.872852e-01
7.697595e-01
2.749141e-01
4.398625e-01
6.323024e-01
0.000000e+00
3.848797e-01
2.199313e-01
1.127148e+00
4.398625e-01
1.649485e-01
9.072165e-01
4.398625e-01
1.374570e-01
1.924399e-01
6.597938e-01
2.749141e-01
5.773196e-01
1.017182e+00
9.347079e-01
1.182131e+00
0.000000e+00
6.048110e-01
7.147766e-01
5.223368e-01
1.044674e+00
1.621993e+00
1.017182e+00
1.512027e+00
8.247423e-01
1.127148e+00
1.072165e+00
1.209622e+00
1.731959e+00
1.621993e+00
1.512027e+00
1.594502e+00
1.429553e+00
1.457045e+00
1.704467e+00
1.594502e+00
1.539519e+00
1.347079e+00
1.786942e+00
1.127148e+00
8.522337e-01
1.979381e+00
1.264605e+00
1.374570e+00
1.484536e+00
1.402062e+00
1.704467e+00
1.154639e+00
1.457045e+00
2.144330e+00
1.539519e+00
1.896907e+00
7.147766e-01
6.872852e-01
8.797251e-01
6.597938e-01
3.848797e-01
3.298969e-01
6.323024e-01
1.072165e+00
1.209622e+00
2.749141e-01
3.848797e-01
3.573883e-01
3.298969e-01
3.573883e-01
1.374570e-01
7.422680e-01
1.017182e+00
0.000000e+00
7.147766e-01
4.948454e-01
2.199313e-01
1.099656e-01
4.123711e-01
4.398625e-01
3.298969e-01
7.422680e-01
8.247423e-01
1.264605e+00
2.749141e-02
5.773196e-01
6.048110e-01
3.848797e-01
8.797251e-01
1.457045e+00
1.044674e+00
1.319588e+00
3.848797e-01
1.154639e+00
1.044674e+00
1.402062e+00
1.484536e+00
1.594502e+00
1.512027e+00
1.457045e+00
1.594502e+00
1.072165e+00
1.484536e+00
1.209622e+00
1.621993e+00
1.731959e+00
1.512027e+00
1.374570e+00
8.797251e-01
1.979381e+00
1.209622e+00
1.594502e+00
1.264605e+00
1.264605e+00
1.924399e+00
1.154639e+00
1.429553e+00
2.254296e+00
1.594502e+00
1.841924e+00
1.237113e+00
8.797251e-01
1.209622e+00
6.048110e-01
6.597938e-01
6.597938e-01
1.072165e+00
1.457045e+00
1.182131e+00
1.099656e-01
2.474227e-01
6.048110e-01
2.749141e-01
1.924399e-01
2.749141e-02
6.872852e-01
9.072165e-01
1.924399e-01
6.597938e-01
3.024055e-01
2.474227e-01
2.199313e-01
4.398625e-01
2.749141e-01
4.948454e-01
6.048110e-01
6.597938e-01
7.697595e-01
2.199313e-01
3.573883e-01
4.123711e-01
3.573883e-01
7.697595e-01
1.374570e+00
1.154639e+00
1.429553e+00
1.649485e-01
9.072165e-01
1.127148e+00
9.621993e-01
1.484536e+00
1.512027e+00
1.044674e+00
1.347079e+00
1.457045e+00
1.319588e+00
1.209622e+00
1.457045e+00
1.649485e+00
1.676976e+00
1.951890e+00
1.484536e+00
1.154639e+00
1.896907e+00
1.402062e+00
1.402062e+00
1.182131e+00
1.017182e+00
1.621993e+00
1.209622e+00
1.292096e+00
2.089347e+00
1.676976e+00
1.649485e+00
1.182131e+00
1.347079e+00
1.292096e+00
8.797251e-01
8.522337e-01
1.127148e+00
1.072165e+00
1.869416e+00
1.209622e+00
2.199313e-01
6.048110e-01
5.498282e-01
1.649485e-01
1.649485e-01
2.474227e-01
6.597938e-01
9.621993e-01
2.199313e-01
6.048110e-01
4.123711e-01
1.924399e-01
2.474227e-01
3.298969e-01
4.948454e-01
6.323024e-01
1.649485e-01
7.422680e-01
6.048110e-01
2.199313e-01
1.924399e-01
5.223368e-01
4.123711e-01
4.948454e-01
1.429553e+00
1.017182e+00
1.512027e+00
0.000000e+00
7.147766e-01
8.247423e-01
5.773196e-01
1.209622e+00
1.484536e+00
1.237113e+00
1.429553e+00
1.154639e+00
1.264605e+00
1.072165e+00
1.374570e+00
1.704467e+00
1.484536e+00
1.292096e+00
1.457045e+00
1.292096e+00
1.649485e+00
1.594502e+00
1.676976e+00
1.374570e+00
1.264605e+00
1.841924e+00
9.347079e-01
1.264605e+00
1.896907e+00
1.539519e+00
1.347079e+00
1.484536e+00
1.429553e+00
1.786942e+00
1.154639e+00
1.209622e+00
1.759450e+00
1.429553e+00
2.061856e+00
1.099656e+00
4.948454e-01
5.498282e-01
6.323024e-01
5.498282e-02
2.474227e-01
2.749141e-01
6.323024e-01
9.072165e-01
2.199313e-01
4.673540e-01
3.573883e-01
3.024055e-01
3.848797e-01
2.199313e-01
7.697595e-01
7.972509e-01
