1.464789e+00
1.718310e+00
1.605634e+00
1.859155e+00
1.661972e+00
1.267606e+00
1.267606e+00
1.605634e+00
1.126761e+00
5.915493e-01
1.098592e+00
6.478873e-01
9.859155e-01
1.549296e+00
1.830986e+00
1.633803e+00
1.239437e+00
9.577465e-01
7.887324e-01
9.295775e-01
4.507042e-01
1.408451e+00
9.295775e-01
1.352113e+00
7.042254e-01
4.788732e-01
4.507042e-01
0.000000e+00
2.253521e-01
4.788732e-01
8.450704e-01
1.211268e+00
2.253521e-01
4.507042e-01
6.478873e-01
1.690141e-01
2.816901e-01
7.887324e-01
8.169014e-01
1.323944e+00
5.070423e-01
6.760563e-01
2.816901e-02
8.169014e-01
9.295775e-01
9.295775e-01
1.633803e+00
9.577465e-01
8.169014e-01
5.633803e-01
5.915493e-01
7.887324e-01
8.732394e-01
1.323944e+00
1.295775e+00
1.633803e+00
1.211268e+00
7.887324e-01
1.014085e+00
1.492958e+00
1.605634e+00
1.070423e+00
1.492958e+00
1.887324e+00
1.633803e+00
1.577465e+00
1.521127e+00
2.028169e+00
1.774648e+00
1.352113e+00
1.323944e+00
1.887324e+00
1.070423e+00
1.042254e+00
1.408451e+00
9.014085e-01
8.732394e-01
1.464789e+00
1.549296e+00
1.492958e+00
1.014085e+00
6.760563e-01
7.887324e-01
9.859155e-01
6.760563e-01
1.746479e+00
1.295775e+00
1.408451e+00
7.323944e-01
8.732394e-01
4.507042e-01
0.000000e+00
1.971831e-01
2.816901e-01
8.169014e-01
1.239437e+00
6.197183e-01
3.098592e-01
4.507042e-01
8.450704e-02
2.816901e-01
8.732394e-01
8.169014e-01
1.014085e+00
3.661972e-01
5.915493e-01
2.253521e-01
7.042254e-01
5.633803e-01
9.014085e-01
1.577465e+00
1.211268e+00
5.352113e-01
5.633803e-01
4.507042e-01
6.478873e-01
8.732394e-01
1.183099e+00
1.239437e+00
1.464789e+00
1.323944e+00
5.915493e-01
9.295775e-01
1.352113e+00
1.774648e+00
1.014085e+00
1.492958e+00
1.887324e+00
1.633803e+00
1.380282e+00
1.352113e+00
2.028169e+00
1.915493e+00
1.295775e+00
9.577465e-01
1.971831e+00
8.450704e-01
1.211268e+00
1.577465e+00
1.295775e+00
7.887324e-01
1.352113e+00
2.056338e+00
1.577465e+00
1.126761e+00
6.197183e-01
8.169014e-01
1.126761e+00
1.014085e+00
1.633803e+00
1.323944e+00
1.492958e+00
1.042254e+00
7.887324e-01
6.760563e-01
2.816901e-02
0.000000e+00
6.197183e-01
7.323944e-01
1.183099e+00
6.478873e-01
4.788732e-01
2.253521e-01
0.000000e+00
2.253521e-01
9.014085e-01
7.887324e-01
1.183099e+00
1.408451e-01
2.253521e-01
4.507042e-01
6.478873e-01
3.661972e-01
6.760563e-01
1.352113e+00
1.183099e+00
5.352113e-01
9.014085e-01
2.535211e-01
5.915493e-01
1.154930e+00
1.070423e+00
1.295775e+00
1.464789e+00
1.323944e+00
6.197183e-01
8.732394e-01
9.859155e-01
1.549296e+00
1.267606e+00
1.605634e+00
1.549296e+00
1.661972e+00
1.014085e+00
1.098592e+00
1.605634e+00
1.915493e+00
1.098592e+00
9.859155e-01
2.000000e+00
1.408451e+00
1.352113e+00
1.436620e+00
1.690141e+00
1.126761e+00
1.492958e+00
1.746479e+00
1.521127e+00
1.070423e+00
4.788732e-01
9.295775e-01
7.887324e-01
8.169014e-01
1.633803e+00
1.521127e+00
1.802817e+00
1.183099e+00
1.098592e+00
9.295775e-01
5.352113e-01
3.943662e-01
8.732394e-01
9.295775e-01
1.183099e+00
4.507042e-01
4.225352e-01
3.661972e-01
0.000000e+00
2.253521e-01
7.042254e-01
6.478873e-01
1.098592e+00
1.971831e-01
3.661972e-01
5.070423e-01
4.225352e-01
3.098592e-01
8.169014e-01
1.183099e+00
1.352113e+00
6.478873e-01
6.760563e-01
1.408451e-01
5.915493e-01
1.183099e+00
1.126761e+00
1.577465e+00
1.154930e+00
6.760563e-01
8.169014e-01
8.169014e-01
1.070423e+00
1.042254e+00
1.070423e+00
1.521127e+00
1.492958e+00
1.408451e+00
9.014085e-01
9.295775e-01
1.464789e+00
1.549296e+00
1.098592e+00
1.436620e+00
1.774648e+00
1.323944e+00
1.859155e+00
1.464789e+00
1.774648e+00
1.605634e+00
1.521127e+00
1.211268e+00
1.690141e+00
1.408451e+00
5.352113e-01
1.098592e+00
7.323944e-01
1.126761e+00
1.154930e+00
1.718310e+00
1.690141e+00
1.352113e+00
6.478873e-01
1.126761e+00
7.323944e-01
5.633803e-01
1.295775e+00
1.070423e+00
1.267606e+00
5.915493e-01
5.633803e-01
7.042254e-01
0.000000e+00
2.253521e-01
4.507042e-01
6.197183e-01
1.239437e+00
3.098592e-01
4.507042e-01
6.478873e-01
0.000000e+00
4.225352e-01
6.760563e-01
9.577465e-01
1.239437e+00
7.605634e-01
4.788732e-01
2.253521e-01
4.507042e-01
1.070423e+00
9.014085e-01
1.436620e+00
1.154930e+00
8.169014e-01
6.478873e-01
3.380282e-01
8.450704e-01
9.577465e-01
1.239437e+00
1.521127e+00
1.521127e+00
1.549296e+00
6.197183e-01
9.859155e-01
1.352113e+00
1.577465e+00
1.211268e+00
1.323944e+00
1.746479e+00
1.774648e+00
1.633803e+00
1.436620e+00
1.802817e+00
1.746479e+00
1.605634e+00
1.380282e+00
1.718310e+00
9.859155e-01
1.211268e+00
1.211268e+00
9.859155e-01
1.098592e+00
1.098592e+00
1.549296e+00
1.661972e+00
1.323944e+00
4.507042e-01
1.042254e+00
7.887324e-01
7.887324e-01
1.521127e+00
1.323944e+00
1.352113e+00
6.197183e-01
5.633803e-01
9.295775e-01
0.000000e+00
1.971831e-01
2.816901e-01
7.887324e-01
1.211268e+00
7.042254e-01
4.788732e-01
4.507042e-01
0.000000e+00
3.380282e-01
8.169014e-01
6.760563e-01
9.859155e-01
4.788732e-01
5.633803e-01
2.535211e-01
4.507042e-01
7.605634e-01
7.323944e-01
1.352113e+00
1.549296e+00
5.352113e-01
5.633803e-01
2.253521e-01
6.197183e-01
1.014085e+00
1.070423e+00
1.577465e+00
1.352113e+00
1.295775e+00
7.887324e-01
9.577465e-01
9.295775e-01
1.352113e+00
1.521127e+00
1.521127e+00
1.408451e+00
1.915493e+00
1.408451e+00
1.098592e+00
2.028169e+00
1.830986e+00
1.549296e+00
1.042254e+00
1.661972e+00
8.732394e-01
1.352113e+00
1.352113e+00
1.323944e+00
9.577465e-01
9.577465e-01
1.943662e+00
1.943662e+00
1.408451e+00
3.380282e-01
1.070423e+00
9.014085e-01
1.239437e+00
1.380282e+00
1.380282e+00
1.436620e+00
8.450704e-01
7.887324e-01
9.295775e-01
0.000000e+00
2.816901e-02
6.197183e-01
7.323944e-01
1.126761e+00
6.760563e-01
4.507042e-01
4.507042e-01
0.000000e+00
2.253521e-01
8.169014e-01
6.197183e-01
1.211268e+00
2.535211e-01
2.253521e-01
4.507042e-01
3.098592e-01
6.760563e-01
5.915493e-01
1.183099e+00
1.352113e+00
7.042254e-01
7.323944e-01
2.253521e-01
5.070423e-01
1.211268e+00
9.014085e-01
1.549296e+00
1.436620e+00
8.450704e-01
7.887324e-01
8.169014e-01
1.014085e+00
1.098592e+00
1.154930e+00
1.521127e+00
1.267606e+00
1.661972e+00
1.211268e+00
7.887324e-01
1.746479e+00
1.577465e+00
1.380282e+00
1.014085e+00
2.000000e+00
1.267606e+00
1.549296e+00
1.380282e+00
1.464789e+00
1.380282e+00
1.267606e+00
1.802817e+00
1.661972e+00
1.633803e+00
3.943662e-01
9.577465e-01
7.323944e-01
1.070423e+00
1.323944e+00
1.380282e+00
1.549296e+00
9.295775e-01
9.014085e-01
1.295775e+00
4.507042e-01
3.943662e-01
9.014085e-01
9.295775e-01
1.323944e+00
4.788732e-01
3.943662e-01
5.915493e-01
0.000000e+00
2.253521e-01
6.760563e-01
4.225352e-01
1.126761e+00
2.535211e-01
3.661972e-01
5.070423e-01
1.690141e-01
5.352113e-01
6.760563e-01
1.352113e+00
1.295775e+00
9.014085e-01
4.788732e-01
1.971831e-01
4.225352e-01
1.239437e+00
9.577465e-01
1.549296e+00
1.352113e+00
1.211268e+00
5.070423e-01
4.225352e-01
9.014085e-01
7.323944e-01
9.577465e-01
1.549296e+00
1.605634e+00
1.802817e+00
1.070423e+00
7.042254e-01
1.436620e+00
1.436620e+00
1.211268e+00
1.380282e+00
1.521127e+00
1.267606e+00
1.859155e+00
1.436620e+00
1.830986e+00
1.718310e+00
1.577465e+00
9.577465e-01
1.802817e+00
1.436620e+00
7.323944e-01
1.014085e+00
6.760563e-01
1.042254e+00
1.070423e+00
1.577465e+00
1.915493e+00
1.211268e+00
9.859155e-01
1.267606e+00
6.197183e-01
6.760563e-01
7.887324e-01
9.295775e-01
1.577465e+00
4.225352e-01
6.478873e-01
9.014085e-01
0.000000e+00
0.000000e+00
4.225352e-01
7.042254e-01
1.295775e+00
6.478873e-01
3.661972e-01
5.633803e-01
1.690141e-01
4.225352e-01
3.661972e-01
1.014085e+00
1.154930e+00
9.577465e-01
3.943662e-01
3.380282e-01
3.098592e-01
8.732394e-01
9.014085e-01
1.492958e+00
1.211268e+00
9.014085e-01
3.943662e-01
3.380282e-01
6.760563e-01
7.042254e-01
9.859155e-01
1.380282e+00
1.577465e+00
1.971831e+00
5.633803e-01
8.169014e-01
1.380282e+00
1.211268e+00
1.352113e+00
1.492958e+00
1.577465e+00
1.577465e+00
1.971831e+00
1.352113e+00
1.887324e+00
1.802817e+00
1.549296e+00
1.126761e+00
1.830986e+00
1.070423e+00
1.239437e+00
1.183099e+00
8.450704e-01
1.211268e+00
1.042254e+00
1.492958e+00
1.718310e+00
1.267606e+00
8.169014e-01
1.070423e+00
6.760563e-01
8.732394e-01
1.014085e+00
1.183099e+00
1.690141e+00
6.478873e-01
4.225352e-01
1.239437e+00
0.000000e+00
0.000000e+00
2.816901e-01
6.197183e-01
1.380282e+00
7.042254e-01
5.915493e-01
5.352113e-01
0.000000e+00
3.098592e-01
5.070423e-01
7.887324e-01
1.014085e+00
8.169014e-01
5.633803e-01
1.126761e-01
4.788732e-01
7.887324e-01
5.633803e-01
1.521127e+00
1.295775e+00
1.042254e+00
6.197183e-01
3.380282e-01
5.352113e-01
8.169014e-01
9.577465e-01
1.436620e+00
1.521127e+00
1.549296e+00
6.478873e-01
8.450704e-01
1.098592e+00
9.014085e-01
1.436620e+00
1.774648e+00
1.521127e+00
1.859155e+00
1.577465e+00
1.098592e+00
1.887324e+00
1.971831e+00
1.521127e+00
8.450704e-01
1.774648e+00
1.070423e+00
1.464789e+00
1.239437e+00
1.295775e+00
1.070423e+00
1.070423e+00
1.633803e+00
1.859155e+00
1.436620e+00
6.197183e-01
1.070423e+00
7.887324e-01
1.267606e+00
9.859155e-01
1.239437e+00
1.746479e+00
7.042254e-01
8.169014e-01
1.267606e+00
0.000000e+00
2.816901e-02
3.661972e-01
5.352113e-01
1.352113e+00
6.478873e-01
5.633803e-01
5.352113e-01
0.000000e+00
0.000000e+00
5.915493e-01
8.450704e-01
1.267606e+00
6.478873e-01
2.535211e-01
2.535211e-01
3.380282e-01
8.450704e-01
3.661972e-01
1.295775e+00
1.042254e+00
1.014085e+00
3.943662e-01
3.380282e-01
3.661972e-01
9.014085e-01
1.042254e+00
1.352113e+00
1.690141e+00
1.126761e+00
6.478873e-01
6.760563e-01
1.239437e+00
7.605634e-01
1.098592e+00
1.577465e+00
1.380282e+00
1.802817e+00
1.408451e+00
9.577465e-01
1.352113e+00
1.774648e+00
1.183099e+00
1.183099e+00
1.718310e+00
1.408451e+00
1.605634e+00
1.183099e+00
1.690141e+00
1.352113e+00
1.436620e+00
1.239437e+00
1.859155e+00
1.492958e+00
7.042254e-01
8.732394e-01
6.478873e-01
1.014085e+00
9.859155e-01
1.492958e+00
1.830986e+00
9.859155e-01
1.014085e+00
1.549296e+00
3.943662e-01
4.507042e-01
6.760563e-01
6.760563e-01
1.380282e+00
2.816901e-01
4.788732e-01
7.042254e-01
0.000000e+00
0.000000e+00
4.225352e-01
7.605634e-01
1.267606e+00
8.450704e-01
3.098592e-01
3.661972e-01
2.535211e-01
6.478873e-01
4.507042e-01
1.323944e+00
9.577465e-01
1.042254e+00
4.507042e-01
4.507042e-01
2.253521e-01
7.042254e-01
1.042254e+00
1.239437e+00
1.323944e+00
1.352113e+00
8.732394e-01
2.816901e-01
8.169014e-01
9.295775e-01
6.760563e-01
1.380282e+00
1.577465e+00
1.661972e+00
1.295775e+00
4.788732e-01
1.464789e+00
1.267606e+00
1.661972e+00
9.577465e-01
1.774648e+00
1.436620e+00
1.746479e+00
1.633803e+00
1.577465e+00
1.915493e+00
1.408451e+00
1.352113e+00
1.380282e+00
1.633803e+00
9.859155e-01
7.887324e-01
8.732394e-01
8.169014e-01
1.211268e+00
1.380282e+00
1.774648e+00
1.464789e+00
8.732394e-01
1.126761e+00
6.760563e-01
8.450704e-01
8.732394e-01
1.014085e+00
1.183099e+00
7.887324e-01
6.760563e-01
6.760563e-01
2.253521e-01
0.000000e+00
2.253521e-01
6.478873e-01
1.154930e+00
1.295775e+00
2.535211e-01
6.478873e-01
1.971831e-01
2.535211e-01
3.943662e-01
1.070423e+00
5.915493e-01
1.154930e+00
5.915493e-01
1.971831e-01
4.225352e-01
6.197183e-01
6.478873e-01
1.295775e+00
1.211268e+00
1.014085e+00
5.352113e-01
3.380282e-01
4.507042e-01
9.014085e-01
7.605634e-01
1.408451e+00
1.549296e+00
1.830986e+00
1.211268e+00
4.507042e-01
1.577465e+00
9.859155e-01
1.690141e+00
9.859155e-01
1.633803e+00
1.661972e+00
1.774648e+00
1.521127e+00
1.549296e+00
2.112676e+00
1.577465e+00
1.267606e+00
1.633803e+00
1.267606e+00
1.408451e+00
9.859155e-01
1.154930e+00
1.070423e+00
9.014085e-01
1.436620e+00
1.577465e+00
1.774648e+00
6.197183e-01
8.450704e-01
6.760563e-01
9.014085e-01
1.239437e+00
1.323944e+00
1.211268e+00
8.732394e-01
5.070423e-01
1.098592e+00
2.253521e-01
0.000000e+00
2.535211e-01
3.380282e-01
1.295775e+00
1.098592e+00
5.070423e-01
6.478873e-01
0.000000e+00
1.408451e-01
4.225352e-01
9.859155e-01
6.478873e-01
1.014085e+00
2.816901e-01
2.253521e-01
3.098592e-01
7.323944e-01
3.098592e-01
1.126761e+00
1.042254e+00
1.042254e+00
7.323944e-01
4.507042e-01
3.661972e-01
7.323944e-01
1.014085e+00
1.352113e+00
1.577465e+00
1.605634e+00
1.154930e+00
4.788732e-01
1.267606e+00
8.732394e-01
1.521127e+00
1.323944e+00
1.549296e+00
1.802817e+00
1.774648e+00
1.098592e+00
1.661972e+00
2.056338e+00
1.661972e+00
1.070423e+00
1.408451e+00
1.464789e+00
1.183099e+00
1.323944e+00
1.323944e+00
1.070423e+00
1.014085e+00
1.492958e+00
1.830986e+00
1.661972e+00
7.042254e-01
8.732394e-01
6.760563e-01
1.239437e+00
1.239437e+00
1.380282e+00
1.380282e+00
8.732394e-01
8.450704e-01
9.859155e-01
4.507042e-01
2.816901e-02
3.380282e-01
2.816901e-01
1.267606e+00
1.211268e+00
4.788732e-01
6.478873e-01
0.000000e+00
0.000000e+00
3.943662e-01
1.014085e+00
7.042254e-01
1.295775e+00
2.535211e-01
3.943662e-01
2.253521e-01
5.352113e-01
3.943662e-01
1.295775e+00
7.605634e-01
1.042254e+00
5.352113e-01
4.507042e-01
3.380282e-01
6.760563e-01
1.098592e+00
1.323944e+00
1.633803e+00
1.323944e+00
9.295775e-01
4.507042e-01
1.154930e+00
8.169014e-01
1.211268e+00
1.042254e+00
1.577465e+00
1.802817e+00
1.605634e+00
9.295775e-01
1.352113e+00
1.690141e+00
1.605634e+00
9.859155e-01
1.408451e+00
1.577465e+00
1.492958e+00
1.323944e+00
1.464789e+00
1.549296e+00
1.098592e+00
1.577465e+00
1.690141e+00
1.774648e+00
9.859155e-01
4.788732e-01
7.605634e-01
9.859155e-01
1.098592e+00
1.408451e+00
1.549296e+00
9.859155e-01
9.014085e-01
1.295775e+00
7.605634e-01
4.788732e-01
7.605634e-01
5.352113e-01
1.408451e+00
8.732394e-01
4.507042e-01
7.605634e-01
0.000000e+00
0.000000e+00
2.253521e-01
8.732394e-01
7.323944e-01
