1.562290e+00
1.400673e+00
1.750842e+00
1.265993e+00
2.047138e+00
1.589226e+00
1.643098e+00
1.239057e+00
1.050505e+00
1.400673e+00
1.777778e+00
1.185185e+00
1.400673e+00
9.427609e-01
1.616162e+00
1.319865e+00
8.619529e-01
7.272727e-01
5.925926e-01
4.309764e-01
2.962963e-01
9.966330e-01
1.131313e+00
1.454545e+00
1.885522e-01
1.346801e-01
8.080808e-02
4.040404e-01
4.309764e-01
9.966330e-01
7.542088e-01
6.464646e-01
9.158249e-01
2.962963e-01
3.771044e-01
5.656566e-01
3.501684e-01
2.693603e-01
2.693603e-01
8.350168e-01
7.542088e-01
5.656566e-01
6.734007e-01
1.050505e+00
6.195286e-01
1.885522e-01
7.003367e-01
9.966330e-01
1.993266e+00
1.265993e+00
9.696970e-01
9.427609e-01
7.272727e-01
1.373737e+00
1.454545e+00
8.888889e-01
1.643098e+00
1.346801e+00
1.562290e+00
1.589226e+00
1.400673e+00
1.292929e+00
1.319865e+00
1.481481e+00
1.373737e+00
1.185185e+00
2.127946e+00
1.158249e+00
2.101010e+00
1.696970e+00
1.804714e+00
1.481481e+00
1.319865e+00
1.427609e+00
1.885522e+00
1.239057e+00
1.346801e+00
1.023569e+00
1.454545e+00
1.508418e+00
8.619529e-01
9.966330e-01
5.387205e-01
4.848485e-01
5.925926e-01
1.158249e+00
1.400673e+00
1.185185e+00
3.771044e-01
3.232323e-01
4.579125e-01
4.309764e-01
5.387205e-01
1.104377e+00
9.427609e-01
9.158249e-01
5.925926e-01
1.885522e-01
2.962963e-01
2.154882e-01
0.000000e+00
2.154882e-01
2.424242e-01
9.696970e-01
1.023569e+00
5.656566e-01
5.387205e-01
1.400673e+00
8.080808e-01
2.693603e-01
4.579125e-01
8.080808e-01
1.750842e+00
7.003367e-01
1.077441e+00
1.131313e+00
8.888889e-01
9.427609e-01
1.212121e+00
9.696970e-01
1.670034e+00
1.750842e+00
8.619529e-01
1.373737e+00
9.966330e-01
1.239057e+00
1.373737e+00
1.023569e+00
1.643098e+00
1.212121e+00
1.670034e+00
1.131313e+00
1.616162e+00
1.319865e+00
2.074074e+00
1.427609e+00
1.427609e+00
1.400673e+00
1.966330e+00
1.400673e+00
1.481481e+00
1.589226e+00
1.212121e+00
1.400673e+00
7.003367e-01
9.696970e-01
9.158249e-01
7.003367e-01
9.427609e-01
1.104377e+00
1.589226e+00
1.185185e+00
7.272727e-01
5.656566e-01
5.117845e-01
4.309764e-01
6.464646e-01
1.023569e+00
9.696970e-01
1.185185e+00
4.848485e-01
0.000000e+00
0.000000e+00
2.154882e-01
5.387205e-02
4.040404e-01
2.424242e-01
5.925926e-01
9.696970e-01
7.272727e-01
5.656566e-01
1.050505e+00
7.272727e-01
2.693603e-01
4.848485e-01
7.811448e-01
8.888889e-01
4.309764e-01
8.080808e-01
1.239057e+00
7.542088e-01
5.925926e-01
1.077441e+00
1.185185e+00
2.127946e+00
1.831650e+00
1.346801e+00
1.265993e+00
1.050505e+00
1.346801e+00
1.239057e+00
1.104377e+00
1.589226e+00
1.346801e+00
1.670034e+00
1.454545e+00
1.562290e+00
1.373737e+00
1.750842e+00
1.427609e+00
1.319865e+00
1.777778e+00
1.858586e+00
1.185185e+00
1.481481e+00
1.643098e+00
1.400673e+00
1.562290e+00
9.696970e-01
9.427609e-01
1.454545e+00
1.077441e+00
1.373737e+00
9.696970e-01
1.670034e+00
1.050505e+00
8.619529e-01
5.925926e-01
4.579125e-01
4.848485e-01
4.579125e-01
9.427609e-01
9.966330e-01
1.454545e+00
3.771044e-01
1.346801e-01
8.080808e-02
2.693603e-01
2.424242e-01
8.080808e-01
5.117845e-01
6.464646e-01
8.350168e-01
6.464646e-01
4.579125e-01
7.272727e-01
5.925926e-01
2.154882e-01
4.848485e-01
5.925926e-01
7.003367e-01
3.771044e-01
8.619529e-01
1.239057e+00
5.656566e-01
1.885522e-01
6.464646e-01
1.158249e+00
2.316498e+00
1.319865e+00
9.427609e-01
9.966330e-01
9.966330e-01
1.508418e+00
1.427609e+00
9.696970e-01
1.562290e+00
1.158249e+00
1.804714e+00
1.481481e+00
1.481481e+00
1.131313e+00
1.319865e+00
1.696970e+00
1.454545e+00
1.373737e+00
1.508418e+00
1.508418e+00
1.993266e+00
1.562290e+00
1.346801e+00
1.750842e+00
1.104377e+00
1.292929e+00
1.993266e+00
1.239057e+00
1.158249e+00
1.131313e+00
1.427609e+00
1.346801e+00
1.292929e+00
5.117845e-01
7.542088e-01
2.962963e-01
4.040404e-01
7.542088e-01
1.104377e+00
1.373737e+00
4.040404e-01
0.000000e+00
2.154882e-01
4.040404e-01
0.000000e+00
1.131313e+00
1.050505e+00
4.309764e-01
9.696970e-01
4.309764e-01
3.232323e-01
4.848485e-01
5.656566e-01
1.346801e-01
3.501684e-01
6.195286e-01
6.195286e-01
5.387205e-01
9.427609e-01
7.542088e-01
8.619529e-01
3.232323e-01
5.387205e-01
9.696970e-01
1.427609e+00
1.562290e+00
1.050505e+00
1.104377e+00
5.925926e-01
1.239057e+00
1.535354e+00
1.104377e+00
1.481481e+00
1.508418e+00
1.373737e+00
1.212121e+00
1.023569e+00
1.185185e+00
1.239057e+00
1.265993e+00
1.265993e+00
1.212121e+00
1.831650e+00
1.535354e+00
1.885522e+00
1.670034e+00
1.454545e+00
2.074074e+00
1.400673e+00
1.481481e+00
1.750842e+00
1.292929e+00
1.319865e+00
1.158249e+00
1.481481e+00
1.319865e+00
9.966330e-01
7.003367e-01
9.696970e-01
4.579125e-01
5.656566e-01
8.888889e-01
1.212121e+00
1.427609e+00
7.272727e-01
1.885522e-01
5.387205e-01
2.962963e-01
2.424242e-01
1.239057e+00
1.212121e+00
6.464646e-01
8.888889e-01
1.616162e-01
2.424242e-01
2.962963e-01
0.000000e+00
5.387205e-02
3.771044e-01
7.003367e-01
6.734007e-01
7.542088e-01
7.542088e-01
1.104377e+00
1.104377e+00
4.040404e-01
4.309764e-01
6.464646e-01
1.400673e+00
8.619529e-01
1.131313e+00
1.077441e+00
9.158249e-01
8.080808e-01
1.265993e+00
1.212121e+00
1.427609e+00
1.777778e+00
1.858586e+00
1.319865e+00
1.077441e+00
1.185185e+00
1.265993e+00
1.400673e+00
1.777778e+00
1.158249e+00
1.373737e+00
1.508418e+00
1.535354e+00
1.185185e+00
1.508418e+00
2.047138e+00
1.346801e+00
1.535354e+00
1.912458e+00
1.400673e+00
1.481481e+00
1.562290e+00
1.400673e+00
1.239057e+00
8.350168e-01
8.619529e-01
1.077441e+00
7.003367e-01
7.542088e-01
1.158249e+00
1.292929e+00
1.427609e+00
1.077441e+00
2.154882e-01
8.080808e-01
2.962963e-01
4.040404e-01
9.966330e-01
1.292929e+00
9.696970e-01
6.734007e-01
0.000000e+00
0.000000e+00
2.154882e-01
0.000000e+00
2.962963e-01
4.040404e-01
4.040404e-01
9.158249e-01
7.272727e-01
7.272727e-01
9.158249e-01
9.966330e-01
3.501684e-01
4.309764e-01
5.117845e-01
7.811448e-01
5.925926e-01
8.350168e-01
9.158249e-01
8.080808e-01
6.734007e-01
1.077441e+00
1.292929e+00
1.723906e+00
1.508418e+00
1.158249e+00
1.158249e+00
8.888889e-01
1.319865e+00
1.481481e+00
1.239057e+00
1.508418e+00
1.265993e+00
1.723906e+00
1.400673e+00
1.535354e+00
1.185185e+00
1.696970e+00
1.858586e+00
1.454545e+00
1.535354e+00
1.885522e+00
1.427609e+00
1.535354e+00
1.454545e+00
1.373737e+00
1.562290e+00
9.427609e-01
1.050505e+00
1.481481e+00
1.104377e+00
1.131313e+00
1.185185e+00
1.319865e+00
1.292929e+00
1.158249e+00
3.771044e-01
6.195286e-01
3.501684e-01
4.040404e-01
7.811448e-01
1.185185e+00
1.373737e+00
6.195286e-01
0.000000e+00
2.154882e-01
2.693603e-01
0.000000e+00
8.350168e-01
7.272727e-01
4.040404e-01
7.003367e-01
7.003367e-01
5.656566e-01
7.003367e-01
8.080808e-01
2.154882e-01
4.309764e-01
4.309764e-01
7.272727e-01
4.309764e-01
9.427609e-01
8.619529e-01
7.542088e-01
4.309764e-01
4.579125e-01
1.131313e+00
1.158249e+00
1.966330e+00
7.811448e-01
1.319865e+00
5.925926e-01
1.023569e+00
1.346801e+00
1.427609e+00
1.508418e+00
1.131313e+00
1.723906e+00
1.777778e+00
1.373737e+00
1.023569e+00
1.346801e+00
1.750842e+00
1.454545e+00
1.400673e+00
1.670034e+00
1.562290e+00
1.562290e+00
1.696970e+00
1.508418e+00
1.643098e+00
1.212121e+00
9.158249e-01
2.154882e+00
1.292929e+00
9.696970e-01
1.346801e+00
1.292929e+00
1.508418e+00
1.373737e+00
7.003367e-01
5.656566e-01
3.501684e-01
5.656566e-01
5.925926e-01
1.158249e+00
1.185185e+00
6.195286e-01
0.000000e+00
2.154882e-01
2.154882e-01
1.885522e-01
9.696970e-01
8.619529e-01
5.656566e-01
1.292929e+00
4.309764e-01
2.154882e-01
5.925926e-01
4.309764e-01
2.154882e-01
4.040404e-01
2.962963e-01
9.427609e-01
4.848485e-01
8.080808e-01
8.350168e-01
7.811448e-01
5.387205e-01
3.232323e-01
8.350168e-01
1.185185e+00
1.292929e+00
6.464646e-01
1.346801e+00
7.542088e-01
9.696970e-01
9.966330e-01
1.481481e+00
1.265993e+00
1.670034e+00
1.400673e+00
1.346801e+00
1.050505e+00
8.619529e-01
1.373737e+00
1.319865e+00
1.319865e+00
1.104377e+00
1.777778e+00
1.804714e+00
1.616162e+00
1.643098e+00
1.508418e+00
2.154882e+00
1.589226e+00
1.077441e+00
2.101010e+00
1.373737e+00
9.696970e-01
1.346801e+00
1.373737e+00
1.373737e+00
1.023569e+00
8.080808e-01
9.696970e-01
3.501684e-01
5.656566e-01
9.158249e-01
1.239057e+00
1.346801e+00
9.966330e-01
2.154882e-01
3.771044e-01
4.309764e-01
2.693603e-01
1.077441e+00
1.023569e+00
7.003367e-01
1.212121e+00
1.616162e-01
1.346801e-01
2.154882e-01
1.885522e-01
0.000000e+00
4.309764e-01
3.771044e-01
9.696970e-01
7.003367e-01
7.272727e-01
1.077441e+00
1.050505e+00
5.925926e-01
2.962963e-01
4.579125e-01
9.966330e-01
8.350168e-01
3.771044e-01
1.265993e+00
5.387205e-01
9.427609e-01
8.080808e-01
1.212121e+00
1.319865e+00
1.858586e+00
1.777778e+00
1.508418e+00
1.212121e+00
8.619529e-01
1.319865e+00
1.454545e+00
1.589226e+00
1.400673e+00
1.400673e+00
1.508418e+00
1.346801e+00
1.185185e+00
1.481481e+00
2.181818e+00
1.508418e+00
1.265993e+00
2.020202e+00
1.723906e+00
1.185185e+00
1.481481e+00
1.589226e+00
1.104377e+00
9.158249e-01
6.195286e-01
1.212121e+00
5.387205e-01
6.464646e-01
1.346801e+00
1.185185e+00
1.643098e+00
1.292929e+00
4.040404e-01
6.464646e-01
4.309764e-01
4.309764e-01
8.619529e-01
1.239057e+00
7.542088e-01
8.350168e-01
0.000000e+00
0.000000e+00
2.693603e-02
1.885522e-01
2.154882e-01
3.232323e-01
4.040404e-01
1.104377e+00
6.464646e-01
7.003367e-01
9.427609e-01
9.158249e-01
5.117845e-01
2.962963e-01
4.579125e-01
1.077441e+00
4.848485e-01
5.387205e-01
1.158249e+00
5.925926e-01
7.003367e-01
2.962963e-01
8.888889e-01
1.346801e+00
1.939394e+00
1.050505e+00
1.131313e+00
9.696970e-01
1.131313e+00
1.427609e+00
1.481481e+00
1.346801e+00
1.400673e+00
1.670034e+00
1.589226e+00
1.562290e+00
9.158249e-01
1.696970e+00
1.993266e+00
1.696970e+00
1.346801e+00
1.912458e+00
1.858586e+00
9.696970e-01
1.616162e+00
1.481481e+00
1.346801e+00
9.966330e-01
6.464646e-01
1.750842e+00
9.696970e-01
9.696970e-01
1.427609e+00
1.212121e+00
1.535354e+00
1.454545e+00
5.925926e-01
4.579125e-01
3.771044e-01
5.387205e-01
6.195286e-01
1.185185e+00
1.023569e+00
7.811448e-01
0.000000e+00
2.154882e-01
8.080808e-02
1.885522e-01
6.195286e-01
6.464646e-01
5.387205e-01
8.619529e-01
6.195286e-01
5.387205e-01
7.811448e-01
6.734007e-01
3.771044e-01
2.962963e-01
4.040404e-01
8.888889e-01
7.811448e-01
7.003367e-01
6.464646e-01
1.077441e+00
5.925926e-01
0.000000e+00
8.619529e-01
1.077441e+00
1.670034e+00
1.104377e+00
1.319865e+00
7.003367e-01
9.696970e-01
1.185185e+00
1.589226e+00
1.346801e+00
1.643098e+00
1.696970e+00
1.750842e+00
1.319865e+00
1.131313e+00
1.400673e+00
1.346801e+00
1.535354e+00
1.373737e+00
1.535354e+00
1.643098e+00
1.508418e+00
1.804714e+00
1.400673e+00
1.696970e+00
1.346801e+00
1.023569e+00
1.831650e+00
1.562290e+00
9.966330e-01
1.158249e+00
1.346801e+00
1.427609e+00
1.400673e+00
9.427609e-01
4.848485e-01
5.387205e-01
4.040404e-01
6.734007e-01
8.619529e-01
1.185185e+00
8.350168e-01
0.000000e+00
2.154882e-01
1.885522e-01
2.154882e-01
6.734007e-01
8.080808e-01
7.003367e-01
1.104377e+00
5.387205e-01
4.309764e-01
4.848485e-01
5.117845e-01
2.154882e-01
3.771044e-01
2.154882e-01
8.080808e-01
9.427609e-01
6.195286e-01
7.811448e-01
1.427609e+00
6.464646e-01
2.693603e-02
6.195286e-01
1.158249e+00
1.212121e+00
8.619529e-01
1.346801e+00
8.619529e-01
9.966330e-01
7.272727e-01
1.508418e+00
1.023569e+00
1.858586e+00
1.562290e+00
1.346801e+00
1.023569e+00
1.023569e+00
1.346801e+00
1.104377e+00
1.616162e+00
1.265993e+00
1.696970e+00
1.777778e+00
1.481481e+00
1.643098e+00
1.481481e+00
1.966330e+00
1.535354e+00
1.239057e+00
1.696970e+00
1.670034e+00
9.966330e-01
1.265993e+00
1.562290e+00
1.239057e+00
1.104377e+00
9.966330e-01
8.888889e-01
4.848485e-01
5.117845e-01
8.619529e-01
9.427609e-01
1.427609e+00
9.966330e-01
2.424242e-01
3.771044e-01
5.387205e-01
2.154882e-01
7.811448e-01
9.158249e-01
1.023569e+00
1.292929e+00
2.154882e-01
2.962963e-01
1.885522e-01
2.154882e-01
0.000000e+00
3.771044e-01
1.346801e-01
8.350168e-01
8.619529e-01
8.619529e-01
7.542088e-01
1.077441e+00
5.656566e-01
1.885522e-01
4.309764e-01
1.131313e+00
7.003367e-01
6.195286e-01
9.427609e-01
9.427609e-01
9.427609e-01
3.501684e-01
1.346801e+00
1.131313e+00
2.074074e+00
1.643098e+00
1.723906e+00
1.104377e+00
1.050505e+00
1.373737e+00
1.212121e+00
1.562290e+00
1.589226e+00
1.481481e+00
1.535354e+00
1.131313e+00
1.400673e+00
1.292929e+00
2.101010e+00
1.373737e+00
1.427609e+00
1.696970e+00
1.939394e+00
1.239057e+00
1.185185e+00
1.831650e+00
1.185185e+00
1.373737e+00
6.464646e-01
1.077441e+00
6.734007e-01
8.080808e-01
1.131313e+00
1.077441e+00
1.319865e+00
1.131313e+00
5.925926e-01
6.195286e-01
5.656566e-01
2.154882e-01
7.272727e-01
1.023569e+00
1.185185e+00
9.966330e-01
8.080808e-02
0.000000e+00
0.000000e+00
2.154882e-01
2.154882e-01
2.424242e-01
2.424242e-01
6.195286e-01
7.542088e-01
7.542088e-01
6.464646e-01
7.272727e-01
4.309764e-01
1.885522e-01
4.309764e-01
1.077441e+00
6.464646e-01
5.925926e-01
8.619529e-01
1.050505e+00
7.003367e-01
0.000000e+00
8.080808e-01
1.131313e+00
1.993266e+00
1.185185e+00
1.292929e+00
9.158249e-01
1.104377e+00
1.319865e+00
1.535354e+00
1.454545e+00
1.454545e+00
1.643098e+00
1.777778e+00
1.346801e+00
1.158249e+00
1.562290e+00
1.777778e+00
1.643098e+00
1.481481e+00
1.885522e+00
1.643098e+00
1.131313e+00
1.373737e+00
1.616162e+00
1.454545e+00
1.185185e+00
7.542088e-01
1.319865e+00
1.319865e+00
1.023569e+00
1.400673e+00
1.212121e+00
1.292929e+00
1.400673e+00
8.888889e-01
4.040404e-01
5.387205e-01
3.232323e-01
6.464646e-01
8.350168e-01
1.212121e+00
1.023569e+00
0.000000e+00
2.154882e-01
5.387205e-02
2.154882e-01
4.040404e-01
6.464646e-01
5.117845e-01
