1.268966e+00
1.406897e+00
1.489655e+00
1.903448e+00
1.296552e+00
1.296552e+00
1.434483e+00
1.296552e+00
1.655172e+00
1.131034e+00
1.655172e+00
1.462069e+00
1.434483e+00
1.710345e+00
1.434483e+00
1.241379e+00
6.620690e-01
4.413793e-01
8.275862e-02
6.068966e-01
1.600000e+00
6.620690e-01
1.103448e+00
1.103448e+00
1.931034e-01
4.689655e-01
7.172414e-01
3.862069e-01
7.172414e-01
2.482759e-01
4.689655e-01
8.275862e-01
6.620690e-01
2.482759e-01
4.965517e-01
7.724138e-01
3.310345e-01
1.655172e-01
1.655172e-01
2.758621e-02
1.296552e+00
1.213793e+00
1.241379e+00
1.103448e-01
5.793103e-01
4.137931e-01
1.158621e+00
8.275862e-01
1.627586e+00
1.600000e+00
1.379310e+00
1.434483e+00
1.710345e+00
5.793103e-01
2.206897e-01
7.172414e-01
1.351724e+00
1.268966e+00
1.241379e+00
1.682759e+00
1.627586e+00
1.627586e+00
1.462069e+00
1.351724e+00
1.075862e+00
1.158621e+00
1.765517e+00
1.627586e+00
1.296552e+00
1.627586e+00
1.627586e+00
1.406897e+00
1.627586e+00
1.268966e+00
1.351724e+00
1.600000e+00
1.351724e+00
1.517241e+00
1.489655e+00
1.351724e+00
1.103448e+00
7.724138e-01
6.068966e-01
8.551724e-01
1.627586e+00
8.551724e-01
1.103448e+00
8.275862e-01
1.931034e-01
2.482759e-01
5.241379e-01
5.517241e-01
1.075862e+00
3.310345e-01
7.448276e-01
1.103448e+00
6.344828e-01
4.137931e-01
6.344828e-01
4.689655e-01
8.275862e-02
5.517241e-02
8.275862e-02
1.379310e-01
1.296552e+00
9.931034e-01
9.655172e-01
3.034483e-01
7.724138e-01
4.689655e-01
9.379310e-01
4.413793e-01
1.351724e+00
1.627586e+00
1.517241e+00
1.268966e+00
1.296552e+00
6.896552e-01
5.517241e-01
8.827586e-01
1.434483e+00
1.296552e+00
9.379310e-01
1.682759e+00
1.793103e+00
1.158621e+00
9.103448e-01
1.241379e+00
1.103448e+00
1.048276e+00
1.296552e+00
1.682759e+00
1.213793e+00
1.627586e+00
1.627586e+00
1.241379e+00
1.655172e+00
1.489655e+00
1.379310e+00
1.682759e+00
1.158621e+00
1.489655e+00
1.241379e+00
1.324138e+00
1.186207e+00
7.448276e-01
1.048276e+00
1.103448e+00
1.627586e+00
8.827586e-01
1.324138e+00
8.275862e-01
3.862069e-01
2.206897e-01
2.482759e-01
5.793103e-01
1.351724e+00
4.689655e-01
6.620690e-01
1.434483e+00
2.482759e-01
6.620690e-01
8.551724e-01
4.965517e-01
2.206897e-01
2.206897e-01
4.965517e-01
2.758621e-01
1.241379e+00
5.517241e-01
9.379310e-01
4.413793e-01
6.620690e-01
4.689655e-01
4.965517e-01
5.517241e-02
1.489655e+00
1.489655e+00
1.158621e+00
8.827586e-01
8.827586e-01
3.310345e-01
8.551724e-01
1.241379e+00
1.406897e+00
1.572414e+00
1.379310e+00
1.489655e+00
2.179310e+00
1.213793e+00
7.448276e-01
9.931034e-01
1.158621e+00
1.131034e+00
1.268966e+00
1.544828e+00
1.517241e+00
2.013793e+00
1.462069e+00
1.324138e+00
1.462069e+00
1.600000e+00
1.379310e+00
1.737931e+00
1.296552e+00
1.296552e+00
1.103448e+00
1.268966e+00
1.406897e+00
6.896552e-01
1.489655e+00
1.351724e+00
1.186207e+00
1.351724e+00
1.627586e+00
1.186207e+00
4.689655e-01
4.413793e-01
1.931034e-01
4.965517e-01
1.655172e+00
4.413793e-01
8.551724e-01
1.324138e+00
1.931034e-01
6.344828e-01
7.172414e-01
4.413793e-01
5.517241e-01
2.482759e-01
4.965517e-01
4.413793e-01
1.296552e+00
4.413793e-01
6.896552e-01
6.620690e-01
4.413793e-01
2.206897e-01
3.862069e-01
0.000000e+00
1.241379e+00
9.931034e-01
1.268966e+00
3.586207e-01
6.620690e-01
4.689655e-01
9.103448e-01
1.131034e+00
1.489655e+00
1.848276e+00
1.296552e+00
1.765517e+00
1.986207e+00
6.620690e-01
6.068966e-01
7.172414e-01
1.379310e+00
1.406897e+00
1.324138e+00
1.793103e+00
1.682759e+00
1.268966e+00
1.351724e+00
1.406897e+00
1.048276e+00
1.434483e+00
1.517241e+00
1.737931e+00
1.655172e+00
1.268966e+00
1.544828e+00
1.186207e+00
1.848276e+00
1.489655e+00
1.268966e+00
1.489655e+00
1.351724e+00
1.572414e+00
1.600000e+00
1.103448e+00
9.931034e-01
4.689655e-01
8.275862e-02
2.206897e-01
1.489655e+00
9.655172e-01
9.379310e-01
1.103448e+00
2.482759e-01
3.862069e-01
7.448276e-01
3.586207e-01
8.275862e-01
2.482759e-01
4.413793e-01
7.724138e-01
4.689655e-01
2.482759e-01
5.241379e-01
8.000000e-01
4.689655e-01
1.379310e-01
8.275862e-02
1.379310e-01
1.241379e+00
1.213793e+00
1.131034e+00
4.965517e-01
5.793103e-01
3.310345e-01
1.103448e+00
7.448276e-01
1.241379e+00
1.655172e+00
1.434483e+00
1.406897e+00
1.710345e+00
8.000000e-01
4.137931e-01
6.068966e-01
1.268966e+00
1.544828e+00
9.655172e-01
1.820690e+00
1.737931e+00
1.020690e+00
8.827586e-01
1.213793e+00
1.075862e+00
1.020690e+00
1.710345e+00
1.572414e+00
1.544828e+00
1.600000e+00
1.572414e+00
1.489655e+00
1.627586e+00
1.737931e+00
1.434483e+00
1.324138e+00
1.434483e+00
1.158621e+00
1.737931e+00
1.103448e+00
1.213793e+00
8.275862e-01
3.034483e-01
8.275862e-01
1.324138e+00
1.406897e+00
8.827586e-01
9.655172e-01
6.068966e-01
2.482759e-01
5.241379e-01
2.482759e-01
1.268966e+00
3.034483e-01
8.275862e-01
7.448276e-01
4.413793e-01
2.758621e-01
6.896552e-01
7.448276e-01
8.275862e-02
5.517241e-02
0.000000e+00
2.206897e-01
1.268966e+00
9.655172e-01
9.379310e-01
4.689655e-01
9.103448e-01
4.137931e-01
8.827586e-01
3.310345e-01
9.655172e-01
1.682759e+00
1.462069e+00
1.296552e+00
1.462069e+00
6.344828e-01
6.896552e-01
9.931034e-01
1.213793e+00
1.627586e+00
1.462069e+00
1.627586e+00
2.124138e+00
1.020690e+00
8.551724e-01
1.048276e+00
1.075862e+00
1.020690e+00
1.489655e+00
1.517241e+00
1.489655e+00
1.600000e+00
1.351724e+00
1.296552e+00
1.682759e+00
1.737931e+00
1.351724e+00
1.406897e+00
1.379310e+00
9.655172e-01
1.848276e+00
1.048276e+00
1.296552e+00
9.655172e-01
6.620690e-01
1.241379e+00
1.296552e+00
1.489655e+00
9.655172e-01
8.275862e-01
8.275862e-01
2.482759e-01
2.482759e-01
2.206897e-01
1.406897e+00
5.793103e-01
6.344828e-01
1.186207e+00
1.931034e-01
3.862069e-01
9.103448e-01
6.344828e-01
3.586207e-01
1.931034e-01
4.413793e-01
3.586207e-01
8.827586e-01
8.551724e-01
7.724138e-01
5.241379e-01
8.000000e-01
4.137931e-01
4.413793e-01
1.655172e-01
1.296552e+00
1.462069e+00
1.131034e+00
1.131034e+00
9.103448e-01
3.310345e-01
9.379310e-01
1.131034e+00
1.048276e+00
2.096552e+00
1.434483e+00
1.600000e+00
1.958621e+00
7.448276e-01
7.448276e-01
7.448276e-01
1.213793e+00
1.131034e+00
1.462069e+00
1.379310e+00
1.765517e+00
1.820690e+00
1.268966e+00
1.379310e+00
1.379310e+00
1.627586e+00
1.296552e+00
1.710345e+00
1.489655e+00
9.931034e-01
1.655172e+00
9.931034e-01
1.572414e+00
1.048276e+00
1.103448e+00
1.434483e+00
1.103448e+00
1.517241e+00
1.379310e+00
1.131034e+00
8.275862e-01
4.689655e-01
1.931034e-01
1.379310e-01
1.489655e+00
7.724138e-01
7.448276e-01
1.241379e+00
2.206897e-01
3.862069e-01
8.000000e-01
5.241379e-01
6.896552e-01
2.206897e-01
4.413793e-01
4.413793e-01
9.655172e-01
6.896552e-01
4.965517e-01
8.000000e-01
5.793103e-01
1.931034e-01
3.034483e-01
1.103448e-01
1.241379e+00
8.551724e-01
1.241379e+00
7.172414e-01
6.896552e-01
3.310345e-01
9.379310e-01
1.020690e+00
1.103448e+00
1.875862e+00
1.296552e+00
1.737931e+00
1.213793e+00
1.213793e+00
5.241379e-01
3.034483e-01
1.434483e+00
1.324138e+00
1.324138e+00
1.627586e+00
1.351724e+00
1.682759e+00
1.544828e+00
1.324138e+00
1.103448e+00
1.572414e+00
1.627586e+00
1.572414e+00
1.600000e+00
1.020690e+00
1.600000e+00
1.296552e+00
1.793103e+00
1.241379e+00
1.296552e+00
1.820690e+00
1.324138e+00
1.544828e+00
1.241379e+00
1.462069e+00
6.620690e-01
6.620690e-01
2.206897e-01
5.517241e-02
1.213793e+00
1.434483e+00
6.620690e-01
1.351724e+00
5.793103e-01
2.206897e-01
9.103448e-01
3.310345e-01
4.689655e-01
4.413793e-01
4.137931e-01
6.620690e-01
2.482759e-01
4.689655e-01
2.482759e-01
7.724138e-01
6.620690e-01
1.103448e-01
1.931034e-01
1.655172e-01
8.551724e-01
1.627586e+00
1.268966e+00
5.241379e-01
4.137931e-01
3.862069e-01
7.448276e-01
1.020690e+00
7.448276e-01
1.903448e+00
1.268966e+00
1.682759e+00
9.931034e-01
9.379310e-01
7.448276e-01
9.103448e-01
1.324138e+00
1.462069e+00
1.213793e+00
1.489655e+00
1.517241e+00
1.324138e+00
1.103448e+00
1.020690e+00
1.268966e+00
1.103448e+00
1.600000e+00
1.600000e+00
1.268966e+00
1.572414e+00
1.848276e+00
1.324138e+00
1.682759e+00
1.600000e+00
1.296552e+00
1.544828e+00
1.462069e+00
1.103448e+00
1.351724e+00
1.517241e+00
7.172414e-01
9.379310e-01
6.068966e-01
7.172414e-01
1.186207e+00
1.765517e+00
4.413793e-01
1.379310e+00
9.379310e-01
1.931034e-01
6.068966e-01
2.206897e-01
8.275862e-01
5.793103e-01
7.172414e-01
6.896552e-01
2.482759e-01
3.862069e-01
4.965517e-01
8.000000e-01
2.482759e-01
8.275862e-02
2.758621e-02
2.206897e-01
8.551724e-01
1.406897e+00
1.103448e+00
3.862069e-01
7.448276e-01
4.689655e-01
6.896552e-01
5.241379e-01
1.241379e+00
1.737931e+00
1.075862e+00
1.296552e+00
6.896552e-01
4.413793e-01
8.000000e-01
1.048276e+00
1.048276e+00
1.710345e+00
1.544828e+00
1.600000e+00
1.572414e+00
1.710345e+00
9.379310e-01
8.551724e-01
1.268966e+00
9.931034e-01
1.324138e+00
1.517241e+00
1.351724e+00
1.434483e+00
1.655172e+00
1.296552e+00
1.737931e+00
1.737931e+00
1.351724e+00
1.462069e+00
1.379310e+00
1.048276e+00
1.600000e+00
1.103448e+00
9.379310e-01
8.827586e-01
8.827586e-01
1.241379e+00
1.158621e+00
1.627586e+00
6.896552e-01
1.324138e+00
9.379310e-01
4.137931e-01
2.758621e-01
2.206897e-01
1.020690e+00
9.103448e-01
4.689655e-01
1.103448e+00
1.103448e-01
3.862069e-01
8.551724e-01
6.068966e-01
4.413793e-01
1.931034e-01
3.862069e-01
4.965517e-01
4.965517e-01
1.131034e+00
8.827586e-01
4.965517e-01
6.344828e-01
4.689655e-01
3.862069e-01
3.586207e-01
1.213793e+00
1.268966e+00
1.241379e+00
7.448276e-01
4.413793e-01
4.689655e-01
7.448276e-01
9.103448e-01
9.931034e-01
1.931034e+00
1.489655e+00
1.710345e+00
1.655172e+00
1.241379e+00
7.724138e-01
5.793103e-01
1.213793e+00
1.241379e+00
1.241379e+00
1.489655e+00
1.324138e+00
1.793103e+00
1.600000e+00
1.517241e+00
1.324138e+00
1.627586e+00
1.406897e+00
1.710345e+00
1.379310e+00
1.131034e+00
1.600000e+00
9.655172e-01
1.379310e+00
1.131034e+00
1.103448e+00
1.462069e+00
1.379310e+00
1.324138e+00
1.020690e+00
1.489655e+00
9.103448e-01
4.689655e-01
3.862069e-01
5.517241e-02
9.379310e-01
1.379310e+00
4.689655e-01
1.268966e+00
3.310345e-01
2.206897e-01
8.827586e-01
4.689655e-01
5.793103e-01
2.758621e-01
4.137931e-01
5.517241e-01
4.137931e-01
1.103448e+00
4.413793e-01
8.000000e-01
5.517241e-01
2.206897e-01
3.034483e-01
3.034483e-01
7.172414e-01
1.489655e+00
1.324138e+00
9.103448e-01
8.275862e-02
6.344828e-01
4.689655e-01
1.213793e+00
9.655172e-01
1.820690e+00
1.406897e+00
1.655172e+00
1.158621e+00
1.655172e+00
3.862069e-01
2.206897e-01
1.379310e+00
1.544828e+00
1.158621e+00
1.572414e+00
1.655172e+00
1.572414e+00
1.600000e+00
1.131034e+00
1.406897e+00
1.048276e+00
1.793103e+00
1.682759e+00
1.655172e+00
1.131034e+00
1.406897e+00
1.268966e+00
1.655172e+00
1.572414e+00
1.268966e+00
1.324138e+00
1.737931e+00
1.351724e+00
1.517241e+00
1.296552e+00
9.931034e-01
4.413793e-01
4.413793e-01
8.275862e-02
9.103448e-01
1.600000e+00
5.241379e-01
1.268966e+00
7.172414e-01
2.206897e-01
6.896552e-01
4.689655e-01
4.137931e-01
5.517241e-01
4.137931e-01
5.517241e-01
1.931034e-01
5.241379e-01
1.931034e-01
8.000000e-01
4.965517e-01
3.034483e-01
1.655172e-01
1.931034e-01
5.793103e-01
1.489655e+00
1.103448e+00
6.068966e-01
2.758621e-01
8.551724e-01
5.241379e-01
7.448276e-01
8.275862e-01
1.572414e+00
1.462069e+00
1.710345e+00
1.048276e+00
1.268966e+00
4.689655e-01
8.275862e-01
1.351724e+00
1.627586e+00
1.075862e+00
1.462069e+00
1.572414e+00
1.462069e+00
1.241379e+00
6.620690e-01
1.462069e+00
8.551724e-01
1.517241e+00
1.875862e+00
1.351724e+00
1.517241e+00
1.655172e+00
1.351724e+00
1.517241e+00
1.737931e+00
1.434483e+00
1.241379e+00
1.627586e+00
1.213793e+00
1.351724e+00
1.434483e+00
1.020690e+00
7.448276e-01
8.000000e-01
4.689655e-01
1.296552e+00
1.600000e+00
5.517241e-01
1.268966e+00
1.075862e+00
1.931034e-01
3.862069e-01
3.586207e-01
6.620690e-01
8.275862e-01
6.344828e-01
6.344828e-01
1.931034e-01
4.413793e-01
4.965517e-01
7.724138e-01
2.758621e-01
5.517241e-02
5.517241e-02
2.206897e-01
3.862069e-01
1.020690e+00
8.827586e-01
7.172414e-01
2.758621e-01
7.448276e-01
3.586207e-01
4.689655e-01
1.186207e+00
1.682759e+00
1.186207e+00
1.489655e+00
4.965517e-01
8.275862e-01
4.965517e-01
9.655172e-01
1.075862e+00
1.875862e+00
1.268966e+00
1.462069e+00
1.793103e+00
1.848276e+00
9.379310e-01
7.172414e-01
1.296552e+00
8.827586e-01
1.379310e+00
1.517241e+00
1.406897e+00
1.434483e+00
1.572414e+00
1.351724e+00
1.489655e+00
1.655172e+00
1.572414e+00
1.517241e+00
1.517241e+00
1.048276e+00
1.544828e+00
1.075862e+00
1.268966e+00
9.103448e-01
8.827586e-01
8.551724e-01
1.489655e+00
1.517241e+00
6.344828e-01
1.186207e+00
1.186207e+00
2.206897e-01
4.413793e-01
1.655172e-01
6.620690e-01
1.213793e+00
5.517241e-01
9.103448e-01
1.379310e-01
4.137931e-01
6.620690e-01
7.724138e-01
4.689655e-01
1.655172e-01
3.862069e-01
4.689655e-01
3.034483e-01
1.103448e+00
4.965517e-01
8.275862e-01
3.862069e-01
4.137931e-01
2.206897e-01
3.862069e-01
1.048276e+00
1.324138e+00
1.075862e+00
1.158621e+00
1.931034e-01
7.172414e-01
5.241379e-01
9.931034e-01
8.827586e-01
1.875862e+00
1.627586e+00
1.517241e+00
1.710345e+00
1.682759e+00
4.965517e-01
5.793103e-01
1.241379e+00
1.213793e+00
1.131034e+00
1.655172e+00
1.213793e+00
1.903448e+00
1.765517e+00
1.296552e+00
1.517241e+00
1.379310e+00
1.600000e+00
1.517241e+00
1.737931e+00
1.131034e+00
1.379310e+00
8.827586e-01
1.489655e+00
1.296552e+00
1.048276e+00
1.158621e+00
1.710345e+00
1.020690e+00
1.158621e+00
1.406897e+00
1.103448e+00
2.482759e-01
6.344828e-01
0.000000e+00
6.896552e-01
1.544828e+00
5.241379e-01
1.131034e+00
4.413793e-01
2.206897e-01
6.620690e-01
6.620690e-01
4.689655e-01
3.862069e-01
4.137931e-01
4.689655e-01
