9.395973e-01
1.395973e+00
1.476510e+00
1.315436e+00
1.744966e+00
9.932886e-01
1.932886e+00
1.530201e+00
9.932886e-01
1.557047e+00
1.046980e+00
6.979866e-01
1.073826e+00
1.503356e+00
1.288591e+00
9.664430e-01
6.442953e-01
1.046980e+00
9.395973e-01
3.489933e-01
4.832215e-01
8.859060e-01
9.932886e-01
6.442953e-01
1.020134e+00
3.758389e-01
4.832215e-01
4.295302e-01
4.026846e-01
4.832215e-01
4.295302e-01
4.026846e-01
4.026846e-01
3.221477e-01
2.147651e-01
8.590604e-01
1.100671e+00
1.100671e+00
2.416107e-01
4.563758e-01
4.563758e-01
1.181208e+00
1.046980e+00
2.684564e-01
1.208054e+00
1.342282e+00
8.322148e-01
8.590604e-01
1.100671e+00
9.664430e-01
1.261745e+00
1.583893e+00
1.369128e+00
1.422819e+00
1.530201e+00
1.234899e+00
1.503356e+00
1.422819e+00
1.315436e+00
1.637584e+00
1.181208e+00
1.369128e+00
1.449664e+00
1.288591e+00
1.234899e+00
1.557047e+00
1.557047e+00
1.503356e+00
1.691275e+00
1.315436e+00
1.852349e+00
1.395973e+00
9.395973e-01
1.691275e+00
9.932886e-01
7.516779e-01
1.181208e+00
1.503356e+00
1.288591e+00
1.154362e+00
7.516779e-01
1.208054e+00
1.046980e+00
5.369128e-01
6.979866e-01
1.073826e+00
1.154362e+00
9.932886e-01
8.322148e-01
1.610738e-01
5.100671e-01
4.295302e-01
4.295302e-01
8.053691e-02
6.174497e-01
3.221477e-01
4.026846e-01
4.832215e-01
2.684564e-01
6.442953e-01
6.979866e-01
9.664430e-01
2.684564e-02
4.832215e-01
6.174497e-01
1.020134e+00
6.442953e-01
2.416107e-01
1.208054e+00
1.422819e+00
1.020134e+00
7.248322e-01
9.127517e-01
1.127517e+00
1.449664e+00
1.449664e+00
1.718121e+00
1.395973e+00
8.590604e-01
1.020134e+00
1.369128e+00
1.020134e+00
1.315436e+00
1.583893e+00
9.395973e-01
1.342282e+00
1.879195e+00
1.288591e+00
1.234899e+00
1.476510e+00
1.637584e+00
1.637584e+00
1.503356e+00
1.476510e+00
1.718121e+00
1.315436e+00
8.322148e-01
1.610738e+00
1.154362e+00
1.020134e+00
1.691275e+00
9.664430e-01
1.610738e+00
1.288591e+00
9.664430e-01
1.557047e+00
1.181208e+00
5.369128e-01
6.711409e-01
1.825503e+00
1.342282e+00
9.664430e-01
6.174497e-01
2.684564e-01
5.100671e-01
4.026846e-01
5.100671e-01
2.684564e-02
6.174497e-01
2.684564e-01
6.174497e-01
4.563758e-01
2.416107e-01
2.416107e-01
2.147651e-01
8.859060e-01
2.416107e-01
7.248322e-01
5.906040e-01
5.369128e-01
4.295302e-01
6.711409e-01
1.503356e+00
1.181208e+00
8.053691e-01
6.711409e-01
7.248322e-01
1.154362e+00
1.261745e+00
1.073826e+00
1.503356e+00
1.395973e+00
9.395973e-01
8.590604e-01
1.476510e+00
1.208054e+00
1.369128e+00
1.557047e+00
9.664430e-01
1.342282e+00
1.422819e+00
1.288591e+00
1.369128e+00
1.369128e+00
1.718121e+00
1.449664e+00
1.288591e+00
1.476510e+00
1.664430e+00
1.315436e+00
4.832215e-01
1.718121e+00
1.261745e+00
1.664430e+00
1.583893e+00
9.932886e-01
1.798658e+00
1.288591e+00
1.154362e+00
1.530201e+00
1.046980e+00
4.026846e-01
9.395973e-01
1.637584e+00
1.208054e+00
7.785235e-01
6.711409e-01
6.174497e-01
6.979866e-01
2.416107e-01
5.637584e-01
4.295302e-01
7.785235e-01
5.906040e-01
8.053691e-01
2.953020e-01
3.758389e-01
4.832215e-01
1.073826e-01
6.174497e-01
3.221477e-01
5.637584e-01
5.100671e-01
6.979866e-01
2.416107e-01
7.248322e-01
1.369128e+00
1.100671e+00
3.758389e-01
5.100671e-01
7.785235e-01
9.664430e-01
1.369128e+00
7.516779e-01
1.422819e+00
1.395973e+00
8.859060e-01
9.664430e-01
1.288591e+00
1.073826e+00
1.073826e+00
1.422819e+00
1.288591e+00
1.449664e+00
1.664430e+00
1.369128e+00
1.557047e+00
1.369128e+00
1.422819e+00
1.610738e+00
1.046980e+00
1.422819e+00
1.503356e+00
1.234899e+00
8.859060e-01
1.395973e+00
1.530201e+00
1.154362e+00
1.825503e+00
1.315436e+00
1.395973e+00
1.825503e+00
8.859060e-01
1.234899e+00
1.369128e+00
7.785235e-01
9.395973e-01
1.181208e+00
1.422819e+00
1.315436e+00
4.295302e-01
9.127517e-01
1.181208e+00
5.637584e-01
4.026846e-01
8.053691e-01
7.785235e-01
9.127517e-01
1.020134e+00
4.563758e-01
5.369128e-01
4.295302e-01
1.879195e-01
6.174497e-01
5.100671e-01
2.684564e-01
3.221477e-01
3.489933e-01
3.221477e-01
7.248322e-01
7.785235e-01
1.315436e+00
4.026846e-01
4.832215e-01
4.832215e-01
7.785235e-01
1.369128e+00
3.489933e-01
1.100671e+00
1.020134e+00
1.100671e+00
9.932886e-01
1.234899e+00
1.234899e+00
1.127517e+00
1.369128e+00
1.449664e+00
1.449664e+00
1.691275e+00
9.127517e-01
1.664430e+00
1.073826e+00
1.342282e+00
1.395973e+00
1.020134e+00
1.181208e+00
1.959732e+00
1.100671e+00
9.664430e-01
1.449664e+00
1.718121e+00
1.476510e+00
1.583893e+00
1.637584e+00
1.583893e+00
1.691275e+00
9.932886e-01
1.369128e+00
1.315436e+00
7.248322e-01
1.100671e+00
1.208054e+00
1.476510e+00
1.315436e+00
5.369128e-01
1.100671e+00
1.234899e+00
7.516779e-01
6.174497e-01
1.046980e+00
8.859060e-01
1.288591e+00
8.053691e-01
2.416107e-01
5.637584e-01
4.295302e-01
2.147651e-01
2.953020e-01
4.295302e-01
4.026846e-01
4.832215e-01
3.221477e-01
4.295302e-01
5.369128e-01
4.563758e-01
1.127517e+00
2.147651e-01
4.026846e-01
4.832215e-01
8.322148e-01
9.664430e-01
2.147651e-01
9.932886e-01
1.181208e+00
1.234899e+00
9.932886e-01
8.859060e-01
1.342282e+00
1.288591e+00
1.449664e+00
1.744966e+00
1.449664e+00
1.020134e+00
7.516779e-01
1.530201e+00
1.369128e+00
1.154362e+00
1.476510e+00
1.020134e+00
1.342282e+00
1.557047e+00
1.181208e+00
1.127517e+00
1.449664e+00
1.825503e+00
1.557047e+00
1.449664e+00
1.664430e+00
1.315436e+00
1.610738e+00
9.395973e-01
1.315436e+00
1.342282e+00
9.664430e-01
1.610738e+00
1.127517e+00
1.422819e+00
1.449664e+00
8.053691e-01
1.288591e+00
1.557047e+00
6.711409e-01
5.906040e-01
1.449664e+00
1.503356e+00
1.181208e+00
4.026846e-01
3.489933e-01
5.637584e-01
5.100671e-01
2.953020e-01
2.147651e-01
3.758389e-01
5.100671e-01
7.785235e-01
3.221477e-01
3.758389e-01
2.416107e-01
2.684564e-02
8.859060e-01
4.295302e-01
5.637584e-01
4.563758e-01
4.295302e-01
6.711409e-01
5.369128e-01
1.234899e+00
1.288591e+00
8.590604e-01
9.127517e-01
7.785235e-01
1.208054e+00
1.369128e+00
1.020134e+00
1.503356e+00
1.154362e+00
1.342282e+00
5.369128e-01
1.449664e+00
1.369128e+00
9.932886e-01
1.342282e+00
1.020134e+00
1.476510e+00
1.932886e+00
1.046980e+00
1.342282e+00
1.342282e+00
1.610738e+00
1.422819e+00
1.503356e+00
1.530201e+00
1.449664e+00
1.449664e+00
5.369128e-01
1.342282e+00
1.583893e+00
1.583893e+00
1.449664e+00
1.234899e+00
1.530201e+00
1.530201e+00
9.395973e-01
1.395973e+00
1.315436e+00
4.295302e-01
7.785235e-01
1.476510e+00
1.154362e+00
1.208054e+00
5.100671e-01
5.369128e-01
8.590604e-01
4.563758e-01
4.026846e-01
4.295302e-01
6.442953e-01
7.516779e-01
9.395973e-01
2.953020e-01
4.295302e-01
4.832215e-01
5.369128e-02
4.832215e-01
5.100671e-01
3.758389e-01
3.758389e-01
5.100671e-01
5.637584e-01
5.906040e-01
1.046980e+00
1.395973e+00
4.563758e-01
5.906040e-01
7.248322e-01
9.395973e-01
1.503356e+00
6.711409e-01
1.476510e+00
1.100671e+00
1.127517e+00
9.932886e-01
9.127517e-01
1.261745e+00
1.100671e+00
1.342282e+00
1.771812e+00
1.395973e+00
1.530201e+00
1.154362e+00
1.637584e+00
1.261745e+00
1.369128e+00
1.852349e+00
9.395973e-01
1.422819e+00
1.744966e+00
9.395973e-01
1.449664e+00
8.859060e-01
1.557047e+00
1.369128e+00
1.771812e+00
1.127517e+00
1.583893e+00
1.583893e+00
9.932886e-01
1.208054e+00
1.395973e+00
1.073826e+00
8.322148e-01
9.932886e-01
1.610738e+00
1.020134e+00
3.758389e-01
6.979866e-01
1.395973e+00
6.442953e-01
2.147651e-01
7.516779e-01
8.590604e-01
1.046980e+00
9.127517e-01
8.322148e-01
5.369128e-01
2.684564e-01
3.489933e-01
4.026846e-01
7.248322e-01
0.000000e+00
3.758389e-01
2.953020e-01
4.295302e-01
2.953020e-01
1.046980e+00
1.181208e+00
5.637584e-01
5.100671e-01
7.248322e-01
6.979866e-01
1.154362e+00
6.711409e-01
6.711409e-01
1.100671e+00
1.288591e+00
8.859060e-01
9.127517e-01
1.208054e+00
1.234899e+00
1.557047e+00
1.718121e+00
1.583893e+00
1.073826e+00
6.442953e-01
1.422819e+00
1.154362e+00
1.234899e+00
1.503356e+00
1.046980e+00
1.288591e+00
1.879195e+00
1.208054e+00
1.449664e+00
1.073826e+00
1.583893e+00
1.852349e+00
1.530201e+00
1.181208e+00
1.986577e+00
1.449664e+00
1.154362e+00
1.208054e+00
1.422819e+00
9.127517e-01
1.020134e+00
1.073826e+00
1.691275e+00
1.020134e+00
6.442953e-01
8.590604e-01
1.503356e+00
8.859060e-01
4.026846e-01
1.020134e+00
9.395973e-01
1.208054e+00
8.053691e-01
4.295302e-01
5.637584e-01
2.684564e-01
3.758389e-01
2.416107e-01
4.832215e-01
2.147651e-01
4.563758e-01
4.295302e-01
5.369128e-01
1.879195e-01
7.248322e-01
8.322148e-01
5.906040e-01
2.147651e-01
5.369128e-01
7.785235e-01
8.590604e-01
3.489933e-01
7.785235e-01
1.154362e+00
1.261745e+00
1.181208e+00
8.053691e-01
1.073826e+00
1.181208e+00
1.127517e+00
1.664430e+00
1.261745e+00
1.261745e+00
5.369128e-01
1.315436e+00
1.342282e+00
1.261745e+00
1.771812e+00
8.322148e-01
1.369128e+00
1.557047e+00
1.181208e+00
1.503356e+00
1.100671e+00
1.718121e+00
1.744966e+00
1.476510e+00
1.449664e+00
1.771812e+00
1.234899e+00
1.369128e+00
9.664430e-01
1.315436e+00
1.181208e+00
1.476510e+00
1.046980e+00
1.476510e+00
1.342282e+00
6.979866e-01
1.234899e+00
1.744966e+00
9.932886e-01
4.295302e-01
1.154362e+00
1.879195e+00
9.127517e-01
2.953020e-01
4.832215e-01
5.637584e-01
3.489933e-01
4.026846e-01
2.684564e-01
2.416107e-01
6.174497e-01
8.590604e-01
4.832215e-01
4.832215e-01
1.610738e-01
8.053691e-02
4.832215e-01
8.590604e-01
2.147651e-01
5.369128e-01
4.563758e-01
6.711409e-01
1.879195e-01
1.234899e+00
1.342282e+00
8.590604e-01
1.100671e+00
8.053691e-01
9.395973e-01
1.234899e+00
9.932886e-01
1.395973e+00
1.020134e+00
1.208054e+00
9.395973e-01
1.261745e+00
1.342282e+00
1.046980e+00
1.395973e+00
1.073826e+00
1.583893e+00
1.744966e+00
1.181208e+00
1.583893e+00
1.073826e+00
1.530201e+00
1.771812e+00
1.395973e+00
1.369128e+00
1.771812e+00
1.154362e+00
1.154362e+00
9.127517e-01
1.530201e+00
1.610738e+00
1.449664e+00
1.234899e+00
1.557047e+00
1.342282e+00
8.322148e-01
1.261745e+00
1.530201e+00
7.785235e-01
7.516779e-01
9.395973e-01
1.664430e+00
9.395973e-01
4.563758e-01
4.832215e-01
9.664430e-01
4.832215e-01
2.147651e-01
5.369128e-01
5.637584e-01
8.859060e-01
9.127517e-01
6.979866e-01
4.295302e-01
2.416107e-01
2.953020e-01
2.684564e-01
7.248322e-01
0.000000e+00
3.758389e-01
4.295302e-01
6.711409e-01
2.416107e-01
1.020134e+00
1.422819e+00
6.711409e-01
6.979866e-01
4.563758e-01
7.248322e-01
1.100671e+00
8.322148e-01
5.369128e-01
1.073826e+00
1.476510e+00
9.932886e-01
1.288591e+00
1.127517e+00
1.315436e+00
1.020134e+00
1.637584e+00
1.610738e+00
1.315436e+00
1.154362e+00
1.154362e+00
1.664430e+00
1.637584e+00
1.476510e+00
1.181208e+00
1.315436e+00
1.422819e+00
1.315436e+00
1.422819e+00
9.395973e-01
1.530201e+00
1.369128e+00
1.476510e+00
1.691275e+00
1.234899e+00
1.664430e+00
1.073826e+00
1.422819e+00
9.932886e-01
1.208054e+00
6.979866e-01
1.154362e+00
1.315436e+00
1.261745e+00
4.563758e-01
8.053691e-01
1.154362e+00
6.979866e-01
3.758389e-01
4.026846e-01
9.932886e-01
1.100671e+00
6.174497e-01
9.395973e-01
6.442953e-01
1.610738e-01
5.100671e-01
4.295302e-01
5.100671e-01
2.147651e-01
5.369128e-01
2.953020e-01
3.221477e-01
1.610738e-01
1.100671e+00
1.181208e+00
8.053691e-01
2.953020e-01
2.684564e-01
7.516779e-01
1.020134e+00
4.563758e-01
4.832215e-01
1.154362e+00
1.503356e+00
1.261745e+00
1.100671e+00
1.100671e+00
1.234899e+00
1.288591e+00
1.583893e+00
1.879195e+00
1.073826e+00
6.711409e-01
1.342282e+00
1.476510e+00
1.422819e+00
1.181208e+00
1.288591e+00
9.932886e-01
1.664430e+00
1.369128e+00
1.208054e+00
1.208054e+00
1.718121e+00
1.637584e+00
1.422819e+00
1.718121e+00
1.530201e+00
1.664430e+00
1.127517e+00
1.395973e+00
1.020134e+00
1.127517e+00
8.859060e-01
1.154362e+00
1.422819e+00
1.369128e+00
8.322148e-01
9.664430e-01
1.261745e+00
8.859060e-01
5.100671e-01
7.785235e-01
9.932886e-01
1.234899e+00
5.100671e-01
7.248322e-01
4.563758e-01
1.879195e-01
5.100671e-01
2.953020e-01
2.684564e-01
4.295302e-01
6.174497e-01
2.953020e-01
5.637584e-01
1.610738e-01
8.322148e-01
8.859060e-01
6.174497e-01
0.000000e+00
4.026846e-01
4.563758e-01
6.174497e-01
2.953020e-01
9.127517e-01
1.610738e+00
1.073826e+00
1.020134e+00
9.127517e-01
9.664430e-01
1.127517e+00
1.154362e+00
1.369128e+00
1.342282e+00
1.288591e+00
7.516779e-01
1.315436e+00
1.503356e+00
1.557047e+00
1.261745e+00
1.261745e+00
1.234899e+00
1.395973e+00
1.100671e+00
1.100671e+00
1.422819e+00
1.664430e+00
1.530201e+00
1.610738e+00
1.557047e+00
1.476510e+00
1.637584e+00
1.288591e+00
1.100671e+00
1.181208e+00
1.315436e+00
1.127517e+00
1.557047e+00
1.127517e+00
1.476510e+00
8.053691e-01
1.315436e+00
1.422819e+00
1.073826e+00
5.100671e-01
7.516779e-01
1.798658e+00
1.369128e+00
3.758389e-01
5.906040e-01
5.100671e-01
2.147651e-01
5.100671e-01
3.489933e-01
2.684564e-02
6.442953e-01
8.053691e-01
5.637584e-01
6.174497e-01
8.053691e-02
2.147651e-01
4.563758e-01
8.859060e-01
0.000000e+00
4.563758e-01
4.026846e-01
6.979866e-01
1.879195e-01
9.664430e-01
1.476510e+00
9.127517e-01
4.295302e-01
8.053691e-01
9.932886e-01
1.020134e+00
1.181208e+00
1.046980e+00
1.181208e+00
1.234899e+00
1.073826e+00
1.342282e+00
1.315436e+00
1.342282e+00
9.664430e-01
1.234899e+00
1.583893e+00
1.530201e+00
1.315436e+00
1.181208e+00
1.449664e+00
1.744966e+00
1.503356e+00
1.369128e+00
1.449664e+00
1.557047e+00
1.395973e+00
1.181208e+00
8.859060e-01
1.342282e+00
1.530201e+00
1.503356e+00
1.637584e+00
1.154362e+00
1.557047e+00
8.590604e-01
1.503356e+00
1.234899e+00
8.590604e-01
6.442953e-01
8.322148e-01
1.610738e+00
1.154362e+00
5.100671e-01
6.174497e-01
7.785235e-01
5.369128e-01
2.953020e-01
4.295302e-01
4.295302e-01
9.932886e-01
6.711409e-01
7.516779e-01
5.369128e-01
1.610738e-01
4.563758e-01
2.684564e-01
6.442953e-01
8.053691e-02
