1.333333e+00
1.449275e+00
1.130435e+00
1.565217e+00
1.072464e+00
1.594203e+00
1.565217e+00
1.681159e+00
4.927536e-01
1.536232e+00
6.956522e-01
1.826087e+00
1.594203e+00
1.362319e+00
9.275362e-01
1.246377e+00
7.246377e-01
2.898551e-01
5.217391e-01
7.536232e-01
1.101449e+00
1.652174e+00
6.666667e-01
4.927536e-01
3.768116e-01
3.188406e-01
7.246377e-01
5.797101e-01
1.101449e+00
8.985507e-01
1.159420e+00
2.898551e-01
4.347826e-01
1.449275e-01
4.927536e-01
4.637681e-01
6.666667e-01
4.057971e-01
4.637681e-01
4.057971e-01
6.666667e-01
1.014493e+00
1.188406e+00
1.188406e+00
1.420290e+00
1.130435e+00
5.217391e-01
2.318841e-01
1.014493e+00
1.188406e+00
7.826087e-01
1.130435e+00
1.565217e+00
1.362319e+00
1.101449e+00
8.985507e-01
1.043478e+00
7.536232e-01
1.681159e+00
1.855072e+00
1.391304e+00
1.362319e+00
1.507246e+00
1.797101e+00
1.420290e+00
1.130435e+00
1.130435e+00
1.652174e+00
1.304348e+00
1.536232e+00
1.536232e+00
1.826087e+00
5.217391e-01
1.594203e+00
8.405797e-01
1.623188e+00
1.391304e+00
1.391304e+00
1.014493e+00
1.275362e+00
7.246377e-01
5.507246e-01
2.898551e-01
1.391304e+00
1.246377e+00
1.594203e+00
8.985507e-01
8.985507e-01
4.927536e-01
3.768116e-01
6.956522e-01
3.768116e-01
1.304348e+00
1.101449e+00
8.985507e-01
2.898551e-01
4.347826e-01
2.898551e-02
9.275362e-01
4.927536e-01
4.637681e-01
4.347826e-01
4.927536e-01
2.318841e-01
6.086957e-01
8.695652e-01
7.536232e-01
1.188406e+00
1.507246e+00
8.985507e-01
6.376812e-01
4.057971e-01
6.666667e-01
1.043478e+00
9.565217e-01
1.101449e+00
1.623188e+00
1.391304e+00
9.565217e-01
4.347826e-01
1.217391e+00
1.101449e+00
1.623188e+00
1.536232e+00
1.072464e+00
1.420290e+00
1.478261e+00
1.681159e+00
1.420290e+00
1.188406e+00
1.275362e+00
1.942029e+00
1.043478e+00
1.681159e+00
1.942029e+00
1.594203e+00
6.956522e-01
1.739130e+00
9.565217e-01
1.652174e+00
1.188406e+00
1.565217e+00
1.014493e+00
1.478261e+00
5.507246e-01
6.666667e-01
4.927536e-01
1.565217e+00
1.594203e+00
1.507246e+00
7.536232e-01
1.014493e+00
7.246377e-01
4.637681e-01
6.956522e-01
3.188406e-01
1.449275e+00
1.246377e+00
9.275362e-01
2.608696e-01
3.768116e-01
8.695652e-02
7.536232e-01
3.478261e-01
4.347826e-01
5.217391e-01
7.246377e-01
3.188406e-01
5.507246e-01
5.797101e-01
6.666667e-01
1.159420e+00
1.478261e+00
7.536232e-01
5.797101e-01
3.478261e-01
5.217391e-01
1.130435e+00
8.695652e-01
1.130435e+00
1.304348e+00
1.362319e+00
1.014493e+00
3.478261e-01
1.246377e+00
8.405797e-01
1.507246e+00
1.246377e+00
1.420290e+00
1.130435e+00
9.565217e-01
1.681159e+00
1.304348e+00
1.159420e+00
1.536232e+00
1.826087e+00
1.246377e+00
1.420290e+00
1.623188e+00
1.942029e+00
1.014493e+00
1.710145e+00
1.043478e+00
1.652174e+00
1.159420e+00
1.884058e+00
1.333333e+00
1.275362e+00
3.768116e-01
9.275362e-01
5.217391e-01
1.594203e+00
1.507246e+00
1.072464e+00
1.014493e+00
1.304348e+00
6.376812e-01
2.608696e-01
6.086957e-01
6.376812e-01
1.565217e+00
1.681159e+00
6.086957e-01
2.898551e-01
5.507246e-01
2.898551e-01
6.086957e-01
5.797101e-01
5.507246e-01
6.376812e-01
1.072464e+00
3.188406e-01
4.057971e-01
2.608696e-01
7.536232e-01
7.246377e-01
1.043478e+00
6.086957e-01
3.478261e-01
4.057971e-01
5.217391e-01
1.101449e+00
8.985507e-01
1.159420e+00
1.507246e+00
1.217391e+00
9.565217e-01
2.028986e-01
1.275362e+00
9.855072e-01
1.246377e+00
1.188406e+00
1.333333e+00
1.246377e+00
9.565217e-01
1.304348e+00
1.246377e+00
7.246377e-01
1.536232e+00
1.884058e+00
1.188406e+00
1.449275e+00
1.333333e+00
2.028986e+00
1.304348e+00
1.478261e+00
1.565217e+00
1.014493e+00
1.391304e+00
1.304348e+00
1.536232e+00
1.797101e+00
8.115942e-01
1.449275e+00
6.666667e-01
1.623188e+00
1.130435e+00
2.144928e+00
8.985507e-01
9.565217e-01
9.275362e-01
1.159420e-01
4.637681e-01
6.666667e-01
1.014493e+00
1.710145e+00
1.072464e+00
2.318841e-01
2.318841e-01
5.217391e-01
6.376812e-01
4.927536e-01
8.405797e-01
1.014493e+00
1.362319e+00
3.478261e-01
5.797101e-02
5.217391e-01
4.927536e-01
2.028986e-01
8.115942e-01
4.927536e-01
3.478261e-01
5.507246e-01
6.376812e-01
1.043478e+00
7.246377e-01
1.391304e+00
1.333333e+00
1.072464e+00
8.985507e-01
2.608696e-01
9.275362e-01
9.275362e-01
8.695652e-01
1.159420e+00
1.391304e+00
1.391304e+00
1.217391e+00
1.159420e+00
1.420290e+00
9.855072e-01
1.768116e+00
1.449275e+00
1.072464e+00
1.014493e+00
1.594203e+00
1.826087e+00
1.304348e+00
1.159420e+00
1.449275e+00
1.362319e+00
1.275362e+00
1.449275e+00
1.594203e+00
1.942029e+00
8.115942e-01
1.478261e+00
8.405797e-01
1.478261e+00
1.101449e+00
2.028986e+00
8.695652e-01
1.043478e+00
1.101449e+00
3.768116e-01
3.478261e-01
9.275362e-01
1.101449e+00
1.855072e+00
1.304348e+00
5.797101e-01
3.478261e-01
5.217391e-01
5.797101e-01
3.768116e-01
1.101449e+00
1.246377e+00
1.043478e+00
3.188406e-01
0.000000e+00
4.637681e-01
8.405797e-01
4.057971e-01
5.797101e-01
3.188406e-01
5.217391e-01
3.768116e-01
5.797101e-01
8.985507e-01
5.217391e-01
1.130435e+00
1.333333e+00
1.101449e+00
8.405797e-01
4.637681e-01
5.797101e-01
8.985507e-01
6.086957e-01
1.304348e+00
1.536232e+00
1.565217e+00
8.985507e-01
7.826087e-01
1.333333e+00
7.246377e-01
1.449275e+00
1.449275e+00
1.101449e+00
1.217391e+00
9.855072e-01
1.768116e+00
1.391304e+00
1.246377e+00
1.507246e+00
1.710145e+00
1.246377e+00
1.333333e+00
1.942029e+00
1.710145e+00
8.405797e-01
1.565217e+00
1.159420e+00
1.304348e+00
1.043478e+00
1.913043e+00
1.014493e+00
1.449275e+00
1.014493e+00
6.376812e-01
2.608696e-01
1.246377e+00
1.362319e+00
1.884058e+00
1.130435e+00
6.086957e-01
6.376812e-01
4.637681e-01
7.246377e-01
4.347826e-01
9.855072e-01
1.536232e+00
1.159420e+00
1.449275e-01
0.000000e+00
4.637681e-01
6.666667e-01
3.188406e-01
4.057971e-01
4.637681e-01
6.956522e-01
5.507246e-01
4.637681e-01
6.666667e-01
4.347826e-01
9.275362e-01
1.507246e+00
9.855072e-01
7.536232e-01
3.768116e-01
4.637681e-01
1.014493e+00
7.536232e-01
1.043478e+00
1.449275e+00
1.246377e+00
9.855072e-01
7.246377e-01
1.217391e+00
7.246377e-01
1.304348e+00
1.275362e+00
1.217391e+00
1.246377e+00
1.130435e+00
1.420290e+00
1.362319e+00
1.275362e+00
1.594203e+00
1.681159e+00
1.275362e+00
1.391304e+00
1.362319e+00
2.115942e+00
1.159420e+00
1.478261e+00
1.507246e+00
1.217391e+00
1.159420e+00
1.855072e+00
1.333333e+00
1.362319e+00
8.405797e-01
9.565217e-01
2.318841e-01
1.507246e+00
1.101449e+00
1.594203e+00
1.159420e+00
9.275362e-01
6.376812e-01
8.695652e-02
6.086957e-01
5.217391e-01
1.304348e+00
1.913043e+00
9.855072e-01
2.318841e-01
2.318841e-01
6.666667e-01
5.217391e-01
4.927536e-01
5.217391e-01
6.086957e-01
1.101449e+00
4.637681e-01
1.739130e-01
4.927536e-01
6.956522e-01
5.217391e-01
9.855072e-01
7.536232e-01
4.637681e-01
4.637681e-01
5.217391e-01
1.101449e+00
4.927536e-01
1.217391e+00
1.536232e+00
1.217391e+00
1.130435e+00
3.478261e-01
8.405797e-01
1.333333e+00
7.536232e-01
8.985507e-01
1.565217e+00
1.420290e+00
1.304348e+00
9.275362e-01
1.507246e+00
8.405797e-01
1.333333e+00
1.826087e+00
1.420290e+00
1.478261e+00
1.101449e+00
1.884058e+00
1.362319e+00
1.536232e+00
1.420290e+00
1.246377e+00
1.594203e+00
1.072464e+00
1.739130e+00
1.420290e+00
5.797101e-01
1.304348e+00
1.043478e+00
1.246377e+00
1.478261e+00
1.739130e+00
9.275362e-01
1.362319e+00
6.086957e-01
3.768116e-01
4.637681e-01
7.246377e-01
8.115942e-01
1.420290e+00
1.536232e+00
2.608696e-01
2.318841e-01
5.217391e-01
2.898551e-01
6.086957e-01
7.536232e-01
1.304348e+00
9.855072e-01
7.536232e-01
2.028986e-01
5.217391e-01
2.318841e-01
2.608696e-01
9.275362e-01
4.637681e-01
3.768116e-01
4.927536e-01
2.898551e-01
8.985507e-01
1.014493e+00
1.188406e+00
1.565217e+00
1.188406e+00
9.565217e-01
2.608696e-01
4.347826e-01
9.855072e-01
6.956522e-01
9.565217e-01
1.826087e+00
1.623188e+00
9.565217e-01
6.956522e-01
1.391304e+00
1.217391e+00
1.565217e+00
1.391304e+00
1.391304e+00
1.130435e+00
1.420290e+00
1.623188e+00
1.391304e+00
1.420290e+00
1.333333e+00
1.478261e+00
1.333333e+00
1.246377e+00
1.652174e+00
1.681159e+00
9.275362e-01
1.130435e+00
1.159420e+00
1.362319e+00
1.304348e+00
1.449275e+00
1.159420e+00
1.159420e+00
7.826087e-01
5.797101e-01
4.347826e-01
7.826087e-01
1.275362e+00
1.507246e+00
1.536232e+00
6.956522e-01
2.318841e-01
6.376812e-01
2.898551e-01
4.927536e-01
8.695652e-01
1.536232e+00
8.115942e-01
6.666667e-01
1.449275e-01
4.637681e-01
4.637681e-01
6.086957e-01
5.797101e-01
3.768116e-01
4.927536e-01
3.768116e-01
3.188406e-01
8.985507e-01
6.086957e-01
9.275362e-01
1.536232e+00
1.217391e+00
8.985507e-01
4.637681e-01
4.347826e-01
7.536232e-01
8.985507e-01
7.246377e-01
1.739130e+00
1.362319e+00
1.043478e+00
7.246377e-01
1.130435e+00
1.391304e+00
1.217391e+00
1.449275e+00
1.188406e+00
1.333333e+00
8.115942e-01
1.507246e+00
1.710145e+00
1.159420e+00
1.391304e+00
1.652174e+00
1.623188e+00
1.217391e+00
1.884058e+00
1.449275e+00
7.536232e-01
1.362319e+00
1.449275e+00
1.275362e+00
1.304348e+00
1.304348e+00
1.246377e+00
1.594203e+00
7.536232e-01
7.826087e-01
4.057971e-01
1.072464e+00
1.478261e+00
1.768116e+00
1.217391e+00
6.666667e-01
4.637681e-01
6.376812e-01
4.347826e-01
5.507246e-01
7.246377e-01
1.565217e+00
1.333333e+00
3.768116e-01
1.159420e-01
4.637681e-01
2.898551e-01
6.376812e-01
2.898551e-01
6.086957e-01
4.637681e-01
6.956522e-01
2.608696e-01
7.826087e-01
4.637681e-01
6.376812e-01
1.768116e+00
9.275362e-01
9.275362e-01
3.478261e-01
2.028986e-01
9.275362e-01
8.405797e-01
9.275362e-01
1.797101e+00
1.246377e+00
1.188406e+00
4.347826e-01
1.275362e+00
1.188406e+00
9.565217e-01
1.362319e+00
1.275362e+00
1.420290e+00
9.565217e-01
1.101449e+00
1.449275e+00
1.449275e+00
1.420290e+00
1.623188e+00
1.507246e+00
1.420290e+00
1.333333e+00
1.855072e+00
1.159420e+00
1.420290e+00
1.623188e+00
1.246377e+00
1.362319e+00
1.304348e+00
1.710145e+00
1.246377e+00
6.956522e-01
7.536232e-01
6.086957e-01
1.130435e+00
1.420290e+00
1.478261e+00
1.014493e+00
1.217391e+00
3.188406e-01
4.057971e-01
4.637681e-01
6.666667e-01
9.275362e-01
1.826087e+00
1.449275e+00
2.318841e-01
2.608696e-01
6.666667e-01
2.318841e-01
5.507246e-01
5.217391e-01
8.115942e-01
6.956522e-01
8.695652e-01
2.608696e-01
5.217391e-01
4.057971e-01
4.927536e-01
1.304348e+00
5.797101e-01
5.797101e-01
4.057971e-01
5.797101e-02
9.855072e-01
9.275362e-01
1.188406e+00
1.449275e+00
1.130435e+00
1.246377e+00
3.768116e-01
1.246377e+00
8.405797e-01
1.101449e+00
9.565217e-01
1.101449e+00
1.507246e+00
1.420290e+00
8.695652e-01
1.768116e+00
7.536232e-01
1.246377e+00
1.594203e+00
1.594203e+00
1.652174e+00
9.855072e-01
1.797101e+00
1.623188e+00
1.478261e+00
1.391304e+00
1.217391e+00
1.565217e+00
1.101449e+00
1.536232e+00
1.478261e+00
9.565217e-01
9.855072e-01
1.014493e+00
1.159420e+00
1.623188e+00
1.710145e+00
1.101449e+00
1.130435e+00
6.376812e-01
5.217391e-01
4.347826e-01
5.797101e-01
8.695652e-01
1.246377e+00
1.391304e+00
5.217391e-01
4.057971e-01
2.898551e-01
4.637681e-01
4.927536e-01
9.275362e-01
1.043478e+00
9.275362e-01
8.985507e-01
2.608696e-01
5.507246e-01
5.797101e-02
4.347826e-01
5.217391e-01
7.536232e-01
3.478261e-01
5.507246e-01
8.695652e-02
9.855072e-01
6.086957e-01
8.405797e-01
1.275362e+00
1.536232e+00
8.405797e-01
6.956522e-01
6.086957e-01
6.376812e-01
9.275362e-01
1.014493e+00
1.420290e+00
1.420290e+00
1.507246e+00
6.376812e-01
2.057971e+00
8.115942e-01
1.478261e+00
1.478261e+00
1.362319e+00
1.333333e+00
1.014493e+00
1.594203e+00
1.449275e+00
1.623188e+00
1.362319e+00
1.362319e+00
1.333333e+00
1.188406e+00
1.710145e+00
1.507246e+00
1.159420e+00
7.536232e-01
1.188406e+00
1.043478e+00
1.710145e+00
1.449275e+00
1.101449e+00
1.246377e+00
9.565217e-01
7.246377e-01
3.478261e-01
6.956522e-01
1.130435e+00
1.594203e+00
1.304348e+00
8.405797e-01
4.057971e-01
4.057971e-01
4.927536e-01
4.927536e-01
8.985507e-01
1.188406e+00
1.014493e+00
6.376812e-01
2.318841e-01
4.637681e-01
2.318841e-01
6.956522e-01
5.217391e-01
4.347826e-01
4.637681e-01
4.637681e-01
1.449275e-01
7.826087e-01
3.188406e-01
8.695652e-01
1.304348e+00
1.304348e+00
8.695652e-01
5.217391e-01
4.637681e-01
6.086957e-01
1.043478e+00
6.666667e-01
1.391304e+00
1.333333e+00
1.420290e+00
7.536232e-01
1.768116e+00
1.101449e+00
9.565217e-01
1.681159e+00
1.159420e+00
1.391304e+00
8.115942e-01
1.159420e+00
1.594203e+00
1.130435e+00
1.652174e+00
1.362319e+00
1.623188e+00
1.275362e+00
1.710145e+00
1.739130e+00
1.246377e+00
1.159420e+00
1.362319e+00
1.101449e+00
1.478261e+00
1.246377e+00
1.246377e+00
1.449275e+00
9.275362e-01
6.956522e-01
4.347826e-01
9.275362e-01
1.449275e+00
1.884058e+00
1.014493e+00
8.115942e-01
5.507246e-01
5.217391e-01
5.797101e-01
4.927536e-01
7.826087e-01
1.188406e+00
1.507246e+00
4.637681e-01
2.608696e-01
4.057971e-01
2.898551e-01
5.217391e-01
4.637681e-01
5.217391e-01
3.768116e-01
7.246377e-01
2.318841e-01
6.086957e-01
8.695652e-02
7.536232e-01
8.695652e-01
9.855072e-01
5.507246e-01
4.637681e-01
5.797101e-02
7.536232e-01
1.101449e+00
8.405797e-01
1.420290e+00
1.333333e+00
1.391304e+00
6.666667e-01
1.739130e+00
8.985507e-01
9.275362e-01
1.391304e+00
1.246377e+00
1.304348e+00
1.130435e+00
8.985507e-01
1.797101e+00
1.188406e+00
1.623188e+00
1.478261e+00
1.565217e+00
1.333333e+00
1.420290e+00
1.652174e+00
1.275362e+00
1.391304e+00
1.420290e+00
1.362319e+00
1.246377e+00
1.449275e+00
1.478261e+00
1.449275e+00
1.072464e+00
5.797101e-01
6.376812e-01
8.405797e-01
1.536232e+00
1.594203e+00
8.405797e-01
1.217391e+00
3.478261e-01
5.217391e-01
4.637681e-01
5.217391e-01
1.072464e+00
1.420290e+00
1.594203e+00
3.478261e-01
4.347826e-01
4.637681e-01
3.768116e-01
4.347826e-01
6.956522e-01
7.246377e-01
5.507246e-01
9.275362e-01
