1.762712e+00
2.006780e+00
1.627119e+00
1.464407e+00
1.681356e+00
1.328814e+00
1.654237e+00
1.789831e+00
1.328814e+00
1.437288e+00
1.193220e+00
1.274576e+00
1.355932e+00
8.949153e-01
1.600000e+00
1.518644e+00
1.030508e+00
6.508475e-01
6.508475e-01
7.322034e-01
1.166102e+00
1.166102e+00
3.796610e-01
4.881356e-01
4.881356e-01
4.610169e-01
1.898305e-01
3.525424e-01
6.779661e-01
8.949153e-01
6.508475e-01
2.440678e-01
1.898305e-01
3.525424e-01
0.000000e+00
5.966102e-01
0.000000e+00
1.898305e-01
1.627119e-01
3.796610e-01
1.003390e+00
8.406780e-01
6.237288e-01
2.983051e-01
9.220339e-01
1.084746e+00
7.050847e-01
7.864407e-01
1.600000e+00
8.949153e-01
1.003390e+00
1.166102e+00
1.220339e+00
1.464407e+00
1.301695e+00
1.138983e+00
1.274576e+00
1.681356e+00
1.464407e+00
1.464407e+00
2.006780e+00
1.545763e+00
1.084746e+00
1.410169e+00
1.627119e+00
1.654237e+00
1.410169e+00
1.464407e+00
1.627119e+00
1.518644e+00
1.437288e+00
1.708475e+00
1.437288e+00
1.681356e+00
1.654237e+00
1.383051e+00
1.437288e+00
1.111864e+00
1.627119e+00
1.681356e+00
1.084746e+00
8.677966e-01
4.338983e-01
8.406780e-01
1.491525e+00
1.301695e+00
7.864407e-01
5.694915e-01
8.406780e-01
6.779661e-01
4.067797e-01
2.983051e-01
5.423729e-01
7.593220e-01
5.966102e-01
3.796610e-01
5.423729e-02
1.898305e-01
0.000000e+00
6.237288e-01
1.355932e-01
3.796610e-01
1.627119e-01
1.084746e-01
9.762712e-01
6.779661e-01
2.711864e-01
3.525424e-01
4.338983e-01
8.949153e-01
2.983051e-01
7.864407e-01
1.328814e+00
8.135593e-01
1.111864e+00
1.166102e+00
1.545763e+00
1.491525e+00
1.545763e+00
1.003390e+00
1.328814e+00
1.762712e+00
1.464407e+00
1.220339e+00
1.816949e+00
1.111864e+00
1.084746e+00
1.518644e+00
1.383051e+00
1.816949e+00
1.464407e+00
1.383051e+00
2.359322e+00
1.301695e+00
1.654237e+00
1.654237e+00
1.627119e+00
1.464407e+00
1.437288e+00
1.491525e+00
1.220339e+00
1.355932e+00
1.437288e+00
1.491525e+00
1.220339e+00
1.247458e+00
1.057627e+00
8.677966e-01
1.464407e+00
1.030508e+00
1.166102e+00
1.166102e+00
9.220339e-01
7.050847e-01
4.067797e-01
4.067797e-01
7.050847e-01
1.057627e+00
6.237288e-01
3.796610e-01
0.000000e+00
0.000000e+00
0.000000e+00
5.152542e-01
2.711864e-01
5.966102e-01
8.135593e-02
1.084746e-01
5.694915e-01
8.677966e-01
2.169492e-01
5.423729e-01
4.338983e-01
4.338983e-01
1.355932e-01
6.237288e-01
1.247458e+00
7.050847e-01
9.762712e-01
5.423729e-01
1.301695e+00
1.437288e+00
1.545763e+00
1.003390e+00
1.708475e+00
1.518644e+00
1.193220e+00
1.600000e+00
1.274576e+00
1.355932e+00
8.949153e-01
1.328814e+00
1.518644e+00
1.708475e+00
1.491525e+00
1.166102e+00
2.386441e+00
1.572881e+00
1.220339e+00
1.410169e+00
1.464407e+00
2.006780e+00
1.545763e+00
1.708475e+00
1.193220e+00
1.410169e+00
1.654237e+00
1.979661e+00
1.193220e+00
1.193220e+00
1.138983e+00
1.003390e+00
1.654237e+00
8.949153e-01
1.328814e+00
1.111864e+00
1.301695e+00
9.220339e-01
3.796610e-01
6.237288e-01
8.949153e-01
1.138983e+00
6.779661e-01
3.254237e-01
1.084746e-01
8.135593e-02
1.898305e-01
4.067797e-01
4.610169e-01
8.135593e-01
2.711864e-01
1.898305e-01
3.525424e-01
6.508475e-01
2.169492e-01
6.508475e-01
2.169492e-01
1.355932e-01
1.627119e-01
5.694915e-01
1.030508e+00
6.779661e-01
7.322034e-01
4.338983e-01
8.949153e-01
1.166102e+00
9.491525e-01
8.406780e-01
1.708475e+00
1.084746e+00
1.057627e+00
1.355932e+00
1.328814e+00
1.437288e+00
1.274576e+00
1.328814e+00
8.677966e-01
1.871186e+00
1.572881e+00
1.627119e+00
1.816949e+00
1.572881e+00
1.138983e+00
1.464407e+00
2.061017e+00
1.681356e+00
1.844068e+00
1.464407e+00
1.545763e+00
1.627119e+00
1.383051e+00
1.708475e+00
1.193220e+00
1.654237e+00
1.138983e+00
1.193220e+00
1.410169e+00
1.193220e+00
1.193220e+00
1.627119e+00
1.084746e+00
8.677966e-01
3.254237e-01
7.593220e-01
1.247458e+00
1.084746e+00
4.610169e-01
4.338983e-01
3.525424e-01
5.966102e-01
2.440678e-01
1.355932e-01
6.779661e-01
7.593220e-01
1.003390e+00
1.898305e-01
2.711864e-01
3.525424e-01
0.000000e+00
3.796610e-01
2.169492e-01
1.355932e-01
5.423729e-02
4.610169e-01
1.057627e+00
1.111864e+00
5.966102e-01
3.254237e-01
6.237288e-01
9.491525e-01
9.220339e-01
6.779661e-01
1.762712e+00
8.949153e-01
8.135593e-01
1.274576e+00
1.166102e+00
1.437288e+00
1.355932e+00
1.084746e+00
1.084746e+00
1.844068e+00
1.518644e+00
1.437288e+00
1.681356e+00
1.328814e+00
9.220339e-01
1.491525e+00
1.681356e+00
1.708475e+00
1.654237e+00
1.491525e+00
1.301695e+00
1.762712e+00
1.301695e+00
1.545763e+00
1.545763e+00
1.491525e+00
1.600000e+00
1.328814e+00
1.681356e+00
1.193220e+00
1.301695e+00
1.871186e+00
9.220339e-01
1.166102e+00
3.254237e-01
7.864407e-01
1.355932e+00
1.301695e+00
7.864407e-01
7.322034e-01
7.050847e-01
9.491525e-01
2.440678e-01
2.169492e-01
6.237288e-01
7.322034e-01
8.406780e-01
1.898305e-01
5.423729e-02
1.898305e-01
0.000000e+00
2.983051e-01
4.610169e-01
2.169492e-01
2.169492e-01
2.169492e-01
9.491525e-01
8.949153e-01
2.711864e-01
3.525424e-01
2.711864e-01
6.237288e-01
6.508475e-01
6.779661e-01
1.708475e+00
7.864407e-01
9.220339e-01
1.247458e+00
1.328814e+00
1.600000e+00
1.491525e+00
9.220339e-01
1.410169e+00
1.572881e+00
1.247458e+00
1.627119e+00
1.464407e+00
1.328814e+00
7.322034e-01
1.491525e+00
1.383051e+00
1.681356e+00
1.654237e+00
1.518644e+00
1.871186e+00
1.627119e+00
1.600000e+00
1.681356e+00
1.789831e+00
1.410169e+00
1.545763e+00
1.328814e+00
1.464407e+00
1.328814e+00
1.111864e+00
1.545763e+00
1.166102e+00
1.464407e+00
7.864407e-01
9.220339e-01
1.383051e+00
1.301695e+00
9.491525e-01
1.247458e+00
7.322034e-01
1.057627e+00
2.440678e-01
4.067797e-01
6.508475e-01
1.057627e+00
8.949153e-01
1.627119e-01
0.000000e+00
0.000000e+00
0.000000e+00
2.169492e-01
5.423729e-01
2.711864e-01
4.067797e-01
1.355932e-01
6.779661e-01
8.677966e-01
2.169492e-01
4.338983e-01
3.796610e-01
3.796610e-01
2.169492e-01
6.508475e-01
1.491525e+00
9.762712e-01
8.406780e-01
7.050847e-01
9.491525e-01
1.464407e+00
1.600000e+00
7.322034e-01
1.762712e+00
1.138983e+00
1.003390e+00
1.274576e+00
1.437288e+00
1.437288e+00
1.355932e+00
1.166102e+00
1.328814e+00
1.844068e+00
1.410169e+00
1.600000e+00
1.844068e+00
1.789831e+00
1.220339e+00
1.437288e+00
1.708475e+00
1.735593e+00
1.844068e+00
1.464407e+00
1.301695e+00
1.600000e+00
1.355932e+00
1.952542e+00
9.491525e-01
1.328814e+00
1.030508e+00
1.057627e+00
1.572881e+00
1.247458e+00
9.491525e-01
1.383051e+00
1.274576e+00
1.247458e+00
1.898305e-01
5.694915e-01
1.084746e+00
8.677966e-01
8.677966e-01
1.627119e-01
5.423729e-02
1.084746e-01
2.169492e-01
2.169492e-01
4.338983e-01
6.779661e-01
6.237288e-01
1.898305e-01
4.610169e-01
6.508475e-01
2.169492e-01
4.338983e-01
2.711864e-01
2.983051e-01
0.000000e+00
6.237288e-01
1.111864e+00
9.762712e-01
6.237288e-01
5.423729e-01
7.593220e-01
8.406780e-01
1.138983e+00
7.322034e-01
1.410169e+00
8.677966e-01
1.166102e+00
1.084746e+00
1.220339e+00
1.464407e+00
1.491525e+00
1.084746e+00
1.301695e+00
1.518644e+00
1.762712e+00
1.355932e+00
2.033898e+00
1.572881e+00
1.138983e+00
1.247458e+00
1.681356e+00
2.033898e+00
1.925424e+00
1.545763e+00
1.410169e+00
1.789831e+00
1.166102e+00
1.762712e+00
1.220339e+00
1.437288e+00
1.383051e+00
1.166102e+00
1.084746e+00
1.355932e+00
1.274576e+00
1.681356e+00
1.247458e+00
8.949153e-01
2.440678e-01
6.779661e-01
1.220339e+00
8.677966e-01
8.677966e-01
2.440678e-01
4.338983e-01
3.254237e-01
5.694915e-01
1.355932e-01
6.779661e-01
6.508475e-01
8.949153e-01
2.711864e-01
3.254237e-01
2.440678e-01
1.084746e-01
2.983051e-01
2.983051e-01
1.084746e-01
8.135593e-02
4.067797e-01
1.193220e+00
1.220339e+00
6.508475e-01
3.796610e-01
5.152542e-01
1.057627e+00
9.220339e-01
3.254237e-01
1.220339e+00
9.762712e-01
1.111864e+00
1.166102e+00
1.220339e+00
1.735593e+00
1.518644e+00
1.057627e+00
1.437288e+00
1.355932e+00
1.735593e+00
1.437288e+00
1.681356e+00
1.491525e+00
8.949153e-01
1.274576e+00
1.627119e+00
1.952542e+00
1.735593e+00
1.301695e+00
1.491525e+00
1.681356e+00
1.138983e+00
1.518644e+00
1.410169e+00
1.464407e+00
1.789831e+00
1.383051e+00
1.437288e+00
1.437288e+00
1.301695e+00
1.789831e+00
1.138983e+00
9.220339e-01
4.610169e-01
6.508475e-01
1.166102e+00
1.166102e+00
1.220339e+00
6.508475e-01
7.322034e-01
7.322034e-01
5.694915e-01
2.169492e-01
6.237288e-01
6.237288e-01
7.322034e-01
2.711864e-01
5.423729e-02
1.898305e-01
0.000000e+00
2.983051e-01
4.610169e-01
1.355932e-01
2.983051e-01
2.169492e-01
1.193220e+00
9.491525e-01
4.067797e-01
1.898305e-01
3.796610e-01
5.966102e-01
7.322034e-01
2.440678e-01
1.166102e+00
1.084746e+00
1.030508e+00
8.135593e-01
6.508475e-01
1.627119e+00
1.627119e+00
7.593220e-01
1.627119e+00
1.355932e+00
1.437288e+00
1.464407e+00
1.545763e+00
1.464407e+00
8.949153e-01
1.084746e+00
1.383051e+00
1.762712e+00
1.871186e+00
1.301695e+00
2.088136e+00
1.681356e+00
1.274576e+00
1.654237e+00
1.545763e+00
1.545763e+00
1.600000e+00
1.274576e+00
1.437288e+00
1.274576e+00
1.193220e+00
1.654237e+00
1.410169e+00
1.138983e+00
9.491525e-01
8.949153e-01
1.057627e+00
1.437288e+00
1.166102e+00
1.166102e+00
7.593220e-01
8.406780e-01
5.694915e-01
4.067797e-01
6.508475e-01
8.135593e-01
9.220339e-01
2.440678e-01
0.000000e+00
0.000000e+00
0.000000e+00
2.169492e-01
5.423729e-01
1.627119e-01
5.152542e-01
1.355932e-01
9.220339e-01
8.135593e-01
3.525424e-01
2.711864e-01
4.881356e-01
4.067797e-01
2.440678e-01
3.254237e-01
1.030508e+00
1.084746e+00
6.237288e-01
7.322034e-01
5.423729e-01
9.220339e-01
1.274576e+00
5.152542e-01
1.654237e+00
1.084746e+00
1.247458e+00
1.111864e+00
1.627119e+00
1.464407e+00
1.355932e+00
1.030508e+00
1.437288e+00
1.654237e+00
1.898305e+00
1.274576e+00
1.898305e+00
1.898305e+00
1.193220e+00
1.220339e+00
1.654237e+00
1.871186e+00
1.789831e+00
1.572881e+00
1.220339e+00
1.518644e+00
1.328814e+00
2.006780e+00
1.057627e+00
1.166102e+00
1.193220e+00
1.003390e+00
1.355932e+00
1.518644e+00
8.406780e-01
1.383051e+00
1.166102e+00
1.057627e+00
4.610169e-01
4.610169e-01
1.003390e+00
6.508475e-01
1.274576e+00
1.898305e-01
1.898305e-01
5.423729e-02
2.711864e-01
2.169492e-01
4.338983e-01
5.423729e-01
5.694915e-01
2.440678e-01
6.237288e-01
5.694915e-01
3.254237e-01
2.711864e-01
3.796610e-01
3.525424e-01
0.000000e+00
4.338983e-01
1.057627e+00
8.949153e-01
8.677966e-01
4.881356e-01
2.711864e-01
1.193220e+00
9.220339e-01
5.694915e-01
1.220339e+00
1.274576e+00
1.003390e+00
9.762712e-01
1.166102e+00
1.383051e+00
1.410169e+00
1.355932e+00
1.057627e+00
1.410169e+00
1.816949e+00
1.437288e+00
1.789831e+00
1.898305e+00
1.111864e+00
1.410169e+00
1.572881e+00
2.033898e+00
1.979661e+00
1.681356e+00
1.355932e+00
1.871186e+00
1.166102e+00
1.654237e+00
1.410169e+00
1.518644e+00
1.247458e+00
8.135593e-01
1.545763e+00
1.355932e+00
1.057627e+00
1.654237e+00
8.677966e-01
8.406780e-01
4.610169e-01
6.779661e-01
1.220339e+00
8.677966e-01
1.084746e+00
2.440678e-01
3.525424e-01
3.796610e-01
5.694915e-01
8.135593e-02
6.508475e-01
6.508475e-01
8.135593e-01
4.610169e-01
3.525424e-01
1.627119e-01
1.898305e-01
0.000000e+00
5.966102e-01
0.000000e+00
1.898305e-01
3.796610e-01
1.084746e+00
6.779661e-01
6.237288e-01
2.169492e-01
3.525424e-01
5.423729e-01
7.864407e-01
4.067797e-01
1.003390e+00
1.111864e+00
1.030508e+00
9.491525e-01
1.193220e+00
1.762712e+00
1.491525e+00
1.464407e+00
1.247458e+00
1.410169e+00
1.898305e+00
1.464407e+00
1.274576e+00
1.952542e+00
7.322034e-01
1.328814e+00
1.464407e+00
1.871186e+00
1.654237e+00
1.437288e+00
1.654237e+00
1.572881e+00
1.274576e+00
1.518644e+00
1.464407e+00
1.600000e+00
1.627119e+00
1.328814e+00
1.545763e+00
1.572881e+00
1.193220e+00
1.681356e+00
1.084746e+00
9.762712e-01
4.610169e-01
4.610169e-01
1.355932e+00
1.166102e+00
1.220339e+00
6.508475e-01
4.881356e-01
7.322034e-01
7.864407e-01
2.983051e-01
4.881356e-01
6.237288e-01
6.237288e-01
4.610169e-01
5.423729e-02
1.355932e-01
5.423729e-02
0.000000e+00
7.322034e-01
2.711864e-02
4.338983e-01
2.169492e-01
8.135593e-01
4.881356e-01
6.779661e-01
1.627119e-01
5.423729e-01
5.152542e-01
3.525424e-01
2.711864e-01
9.762712e-01
1.193220e+00
9.491525e-01
7.322034e-01
6.508475e-01
1.437288e+00
1.518644e+00
1.301695e+00
1.437288e+00
1.491525e+00
1.410169e+00
1.383051e+00
1.383051e+00
1.708475e+00
9.762712e-01
1.084746e+00
1.301695e+00
1.654237e+00
1.871186e+00
1.437288e+00
1.925424e+00
2.006780e+00
1.057627e+00
1.762712e+00
1.383051e+00
1.600000e+00
1.518644e+00
1.274576e+00
1.491525e+00
1.301695e+00
1.274576e+00
1.681356e+00
1.464407e+00
1.274576e+00
8.949153e-01
8.677966e-01
1.383051e+00
1.166102e+00
1.111864e+00
1.057627e+00
4.881356e-01
8.135593e-01
8.135593e-01
2.983051e-01
4.881356e-01
1.030508e+00
8.135593e-01
4.610169e-01
2.711864e-02
0.000000e+00
0.000000e+00
0.000000e+00
7.322034e-01
5.423729e-02
6.508475e-01
1.084746e-01
6.779661e-01
2.711864e-01
4.610169e-01
1.627119e-01
6.508475e-01
2.711864e-01
8.135593e-02
3.796610e-01
8.677966e-01
9.762712e-01
7.322034e-01
6.779661e-01
3.525424e-01
1.084746e+00
1.138983e+00
8.949153e-01
1.464407e+00
1.301695e+00
1.355932e+00
1.003390e+00
1.328814e+00
1.627119e+00
1.301695e+00
1.193220e+00
1.193220e+00
1.762712e+00
1.708475e+00
1.355932e+00
1.816949e+00
2.061017e+00
1.193220e+00
1.383051e+00
1.464407e+00
1.816949e+00
1.979661e+00
1.545763e+00
1.355932e+00
1.572881e+00
1.328814e+00
1.898305e+00
1.301695e+00
1.220339e+00
9.491525e-01
9.220339e-01
1.627119e+00
1.301695e+00
8.406780e-01
1.355932e+00
6.779661e-01
1.111864e+00
7.593220e-01
4.067797e-01
8.406780e-01
1.003390e+00
1.057627e+00
4.067797e-01
2.440678e-01
5.423729e-02
1.898305e-01
8.135593e-02
6.237288e-01
2.983051e-01
8.135593e-01
2.169492e-01
