1.328720e+00
1.771626e+00
1.633218e+00
1.162630e+00
1.301038e+00
2.214533e+00
1.522491e+00
1.577855e+00
9.134948e-01
1.024221e+00
1.328720e+00
1.937716e+00
1.937716e+00
1.577855e+00
1.245675e+00
1.162630e+00
7.197232e-01
4.429066e-01
4.429066e-01
4.152249e-01
2.768166e-01
7.474048e-01
1.217993e+00
1.384083e+00
3.321799e-01
4.429066e-01
2.491349e-01
4.152249e-01
4.429066e-01
2.214533e-01
1.162630e+00
2.214533e-01
1.107266e+00
1.245675e+00
1.107266e+00
3.044983e-01
3.321799e-01
7.750865e-01
2.214533e-01
1.107266e-01
3.044983e-01
1.771626e+00
7.750865e-01
6.643599e-01
3.875433e-01
7.197232e-01
5.536332e-02
3.598616e-01
1.051903e+00
1.245675e+00
1.190311e+00
1.356401e+00
1.577855e+00
1.328720e+00
6.920415e-01
6.920415e-01
1.577855e+00
2.269896e+00
1.217993e+00
1.356401e+00
1.522491e+00
1.550173e+00
9.411765e-01
1.411765e+00
1.550173e+00
2.020761e+00
1.965398e+00
1.439446e+00
1.356401e+00
2.159170e+00
1.384083e+00
1.633218e+00
9.688581e-01
1.439446e+00
1.079585e+00
1.605536e+00
1.660900e+00
1.771626e+00
1.134948e+00
1.134948e+00
6.643599e-01
4.429066e-01
8.304498e-01
8.304498e-01
7.474048e-01
9.134948e-01
1.577855e+00
1.328720e+00
5.259516e-01
4.429066e-01
0.000000e+00
3.598616e-01
4.429066e-01
4.152249e-01
9.688581e-01
5.813149e-01
9.411765e-01
9.411765e-01
8.858131e-01
2.768166e-01
2.491349e-01
5.536332e-01
6.089965e-01
5.536332e-02
4.982699e-01
1.716263e+00
1.107266e+00
3.875433e-01
2.214533e-01
8.581315e-01
5.536332e-02
4.152249e-01
6.643599e-01
1.301038e+00
1.134948e+00
1.494810e+00
1.605536e+00
8.858131e-01
5.259516e-01
2.491349e-01
1.522491e+00
1.910035e+00
9.411765e-01
1.217993e+00
1.494810e+00
1.577855e+00
8.027682e-01
1.522491e+00
1.494810e+00
2.103806e+00
1.439446e+00
1.079585e+00
1.190311e+00
1.605536e+00
1.273356e+00
1.411765e+00
1.273356e+00
1.522491e+00
1.522491e+00
1.688581e+00
1.716263e+00
2.325260e+00
1.550173e+00
1.439446e+00
5.259516e-01
8.304498e-01
9.134948e-01
1.301038e+00
1.190311e+00
8.858131e-01
1.467128e+00
1.411765e+00
5.813149e-01
8.304498e-02
2.214533e-01
2.214533e-01
4.429066e-01
5.813149e-01
1.051903e+00
7.474048e-01
9.688581e-01
7.474048e-01
6.366782e-01
4.152249e-01
0.000000e+00
3.598616e-01
6.643599e-01
5.536332e-02
4.152249e-01
1.577855e+00
1.301038e+00
2.214533e-01
3.321799e-01
1.024221e+00
5.536332e-02
3.598616e-01
6.366782e-01
1.688581e+00
7.474048e-01
1.273356e+00
1.190311e+00
6.089965e-01
2.214533e-01
2.768166e-01
1.439446e+00
1.660900e+00
1.162630e+00
1.411765e+00
1.716263e+00
1.743945e+00
7.750865e-01
1.217993e+00
1.522491e+00
2.435986e+00
1.134948e+00
1.356401e+00
1.771626e+00
1.494810e+00
1.550173e+00
1.494810e+00
1.328720e+00
1.439446e+00
1.550173e+00
1.328720e+00
1.107266e+00
2.131488e+00
1.190311e+00
1.328720e+00
6.920415e-01
9.134948e-01
1.107266e+00
1.660900e+00
1.660900e+00
1.273356e+00
1.522491e+00
1.245675e+00
6.089965e-01
1.937716e-01
4.429066e-01
2.491349e-01
3.044983e-01
6.643599e-01
1.024221e+00
1.356401e+00
6.366782e-01
6.643599e-01
4.705882e-01
3.321799e-01
2.768166e-01
4.152249e-01
7.750865e-01
2.768166e-02
8.027682e-01
1.245675e+00
1.245675e+00
3.875433e-01
3.321799e-01
8.858131e-01
2.214533e-01
2.491349e-01
2.214533e-01
1.771626e+00
7.197232e-01
8.304498e-01
8.304498e-01
5.536332e-01
2.214533e-01
3.598616e-01
1.522491e+00
1.550173e+00
1.273356e+00
1.467128e+00
1.494810e+00
1.716263e+00
5.536332e-01
8.581315e-01
1.494810e+00
1.716263e+00
1.356401e+00
1.910035e+00
1.051903e+00
1.660900e+00
1.190311e+00
1.467128e+00
1.605536e+00
1.384083e+00
1.771626e+00
1.467128e+00
1.162630e+00
1.688581e+00
1.965398e+00
1.467128e+00
7.750865e-01
9.134948e-01
1.550173e+00
1.771626e+00
1.743945e+00
1.771626e+00
1.190311e+00
1.411765e+00
9.688581e-01
3.044983e-01
5.813149e-01
2.491349e-01
2.214533e-01
9.411765e-01
1.079585e+00
1.301038e+00
3.321799e-01
4.429066e-01
2.214533e-01
4.429066e-01
2.214533e-01
2.214533e-01
1.356401e+00
2.491349e-01
9.688581e-01
9.965398e-01
1.522491e+00
3.321799e-01
2.214533e-01
4.982699e-01
4.152249e-01
2.491349e-01
3.044983e-01
1.384083e+00
1.107266e+00
7.197232e-01
3.875433e-01
3.875433e-01
3.598616e-01
3.875433e-01
7.197232e-01
1.162630e+00
1.384083e+00
1.190311e+00
1.688581e+00
1.273356e+00
8.027682e-01
9.134948e-01
1.522491e+00
1.522491e+00
1.079585e+00
1.577855e+00
1.134948e+00
1.550173e+00
9.411765e-01
1.660900e+00
1.439446e+00
1.660900e+00
2.020761e+00
1.910035e+00
1.134948e+00
1.854671e+00
1.882353e+00
1.605536e+00
1.107266e+00
1.134948e+00
1.384083e+00
1.467128e+00
1.494810e+00
1.660900e+00
1.273356e+00
1.273356e+00
7.197232e-01
4.429066e-01
9.688581e-01
6.366782e-01
6.643599e-01
1.107266e+00
1.384083e+00
1.411765e+00
6.366782e-01
4.429066e-01
0.000000e+00
3.598616e-01
2.214533e-01
4.152249e-01
1.162630e+00
4.982699e-01
8.581315e-01
6.366782e-01
1.301038e+00
3.044983e-01
2.214533e-01
1.937716e-01
8.027682e-01
1.937716e-01
4.429066e-01
1.411765e+00
1.384083e+00
4.705882e-01
1.384083e-01
6.089965e-01
3.598616e-01
4.429066e-01
4.429066e-01
1.051903e+00
1.356401e+00
1.356401e+00
1.688581e+00
1.051903e+00
5.536332e-01
3.598616e-01
1.411765e+00
1.439446e+00
9.134948e-01
1.854671e+00
1.411765e+00
1.771626e+00
9.134948e-01
1.411765e+00
1.550173e+00
1.356401e+00
1.965398e+00
1.467128e+00
9.411765e-01
1.356401e+00
1.577855e+00
1.384083e+00
1.356401e+00
1.190311e+00
1.771626e+00
1.605536e+00
1.467128e+00
2.131488e+00
1.937716e+00
1.577855e+00
4.705882e-01
9.134948e-01
9.688581e-01
1.134948e+00
1.107266e+00
1.134948e+00
1.273356e+00
1.522491e+00
7.197232e-01
8.304498e-02
2.214533e-01
2.214533e-01
2.214533e-01
6.643599e-01
1.162630e+00
6.366782e-01
9.688581e-01
5.536332e-01
8.581315e-01
4.429066e-01
0.000000e+00
5.536332e-02
7.750865e-01
1.937716e-01
2.768166e-01
1.217993e+00
1.771626e+00
2.491349e-01
2.214533e-01
6.366782e-01
5.259516e-01
3.875433e-01
4.152249e-01
1.550173e+00
1.024221e+00
1.107266e+00
1.328720e+00
6.920415e-01
1.937716e-01
3.321799e-01
1.273356e+00
1.550173e+00
1.134948e+00
1.771626e+00
1.494810e+00
1.467128e+00
8.304498e-01
9.134948e-01
1.384083e+00
1.771626e+00
1.577855e+00
1.716263e+00
1.162630e+00
1.743945e+00
1.522491e+00
1.882353e+00
1.577855e+00
1.162630e+00
1.605536e+00
1.411765e+00
1.217993e+00
1.605536e+00
1.688581e+00
1.134948e+00
6.089965e-01
8.027682e-01
1.356401e+00
1.605536e+00
1.190311e+00
1.605536e+00
1.384083e+00
1.522491e+00
8.027682e-01
1.937716e-01
4.429066e-01
1.384083e-01
1.660900e-01
9.134948e-01
9.965398e-01
1.190311e+00
6.643599e-01
4.429066e-01
6.643599e-01
3.598616e-01
2.214533e-01
5.536332e-02
1.190311e+00
0.000000e+00
6.366782e-01
1.162630e+00
1.494810e+00
4.152249e-01
2.214533e-01
5.536332e-01
4.705882e-01
4.152249e-01
2.214533e-01
1.217993e+00
1.217993e+00
6.643599e-01
1.024221e+00
4.982699e-01
2.768166e-01
3.875433e-01
8.581315e-01
1.051903e+00
1.217993e+00
1.384083e+00
1.356401e+00
1.660900e+00
6.366782e-01
9.688581e-01
1.190311e+00
1.910035e+00
1.522491e+00
1.577855e+00
1.494810e+00
1.660900e+00
1.190311e+00
1.301038e+00
1.605536e+00
1.356401e+00
1.799308e+00
1.411765e+00
1.107266e+00
1.577855e+00
2.076125e+00
1.577855e+00
6.643599e-01
9.411765e-01
1.494810e+00
1.660900e+00
1.882353e+00
1.882353e+00
1.328720e+00
1.273356e+00
1.162630e+00
3.321799e-01
3.321799e-01
5.536332e-01
2.491349e-01
6.643599e-01
1.024221e+00
1.328720e+00
2.491349e-01
5.259516e-01
1.384083e-01
5.259516e-01
2.214533e-01
2.214533e-01
9.688581e-01
6.366782e-01
7.197232e-01
1.162630e+00
1.301038e+00
6.366782e-01
2.768166e-01
4.429066e-01
4.429066e-01
2.214533e-01
3.044983e-01
6.089965e-01
1.882353e+00
5.259516e-01
4.152249e-01
4.705882e-01
4.429066e-01
3.875433e-01
4.705882e-01
6.920415e-01
1.439446e+00
1.328720e+00
1.605536e+00
1.356401e+00
4.152249e-01
5.536332e-01
1.467128e+00
1.799308e+00
1.051903e+00
1.301038e+00
1.439446e+00
1.660900e+00
9.411765e-01
1.328720e+00
1.301038e+00
1.688581e+00
2.131488e+00
1.799308e+00
1.051903e+00
1.965398e+00
1.882353e+00
1.688581e+00
9.134948e-01
9.965398e-01
1.439446e+00
1.494810e+00
1.716263e+00
1.577855e+00
1.550173e+00
1.107266e+00
1.024221e+00
4.152249e-01
7.197232e-01
8.304498e-01
5.813149e-01
1.024221e+00
1.217993e+00
1.522491e+00
5.259516e-01
6.089965e-01
0.000000e+00
3.598616e-01
2.214533e-01
3.044983e-01
1.051903e+00
6.643599e-01
5.536332e-01
9.134948e-01
1.079585e+00
5.536332e-01
2.214533e-01
1.937716e-01
5.536332e-01
4.429066e-01
4.982699e-01
7.750865e-01
1.826990e+00
6.089965e-01
1.660900e-01
4.982699e-01
4.982699e-01
3.875433e-01
4.429066e-01
8.858131e-01
1.550173e+00
9.411765e-01
1.301038e+00
1.024221e+00
1.384083e-01
3.598616e-01
1.301038e+00
1.550173e+00
9.688581e-01
1.660900e+00
1.522491e+00
2.020761e+00
8.027682e-01
1.301038e+00
1.411765e+00
1.605536e+00
1.882353e+00
1.411765e+00
8.858131e-01
1.577855e+00
1.494810e+00
1.328720e+00
1.190311e+00
1.079585e+00
1.882353e+00
1.743945e+00
1.522491e+00
1.993080e+00
2.131488e+00
1.494810e+00
7.750865e-01
7.197232e-01
9.134948e-01
1.024221e+00
1.273356e+00
9.688581e-01
1.301038e+00
1.550173e+00
6.366782e-01
2.491349e-01
2.768166e-02
4.152249e-01
2.214533e-01
4.429066e-01
1.051903e+00
8.858131e-01
6.643599e-01
8.581315e-01
6.643599e-01
6.366782e-01
0.000000e+00
5.536332e-02
5.259516e-01
4.429066e-01
3.321799e-01
9.411765e-01
1.799308e+00
4.429066e-01
2.768166e-01
4.982699e-01
6.643599e-01
3.321799e-01
3.321799e-01
5.536332e-01
1.660900e+00
6.920415e-01
9.134948e-01
6.920415e-01
2.491349e-01
4.152249e-01
1.273356e+00
1.411765e+00
1.301038e+00
1.550173e+00
1.550173e+00
1.799308e+00
7.197232e-01
8.304498e-01
1.107266e+00
2.186851e+00
1.494810e+00
1.494810e+00
1.245675e+00
2.020761e+00
1.411765e+00
1.799308e+00
1.245675e+00
1.051903e+00
1.910035e+00
1.494810e+00
1.107266e+00
1.411765e+00
1.910035e+00
1.273356e+00
8.027682e-01
6.920415e-01
1.217993e+00
1.411765e+00
1.522491e+00
1.467128e+00
1.522491e+00
1.439446e+00
9.411765e-01
3.321799e-01
1.384083e-01
4.705882e-01
1.660900e-01
6.920415e-01
7.750865e-01
1.328720e+00
4.429066e-01
6.643599e-01
5.813149e-01
4.429066e-01
2.214533e-01
5.536332e-02
9.688581e-01
2.214533e-01
6.089965e-01
9.965398e-01
1.384083e+00
7.197232e-01
2.768166e-01
4.429066e-01
5.536332e-01
3.875433e-01
2.491349e-01
6.643599e-01
1.799308e+00
6.089965e-01
4.982699e-01
2.491349e-01
7.474048e-01
2.214533e-01
9.965398e-01
8.581315e-01
1.217993e+00
1.411765e+00
1.273356e+00
1.577855e+00
1.079585e+00
7.197232e-01
1.411765e+00
1.577855e+00
2.048443e+00
1.107266e+00
1.633218e+00
1.411765e+00
1.688581e+00
9.688581e-01
1.439446e+00
1.301038e+00
1.993080e+00
1.134948e+00
1.411765e+00
1.273356e+00
2.076125e+00
1.882353e+00
9.134948e-01
8.858131e-01
9.411765e-01
1.882353e+00
1.882353e+00
1.965398e+00
1.217993e+00
1.439446e+00
1.273356e+00
5.259516e-01
4.429066e-01
6.366782e-01
2.768166e-01
4.429066e-01
8.858131e-01
1.162630e+00
8.304498e-02
4.429066e-01
2.768166e-01
5.536332e-01
1.107266e-01
4.429066e-01
3.598616e-01
1.217993e+00
3.875433e-01
1.301038e+00
1.051903e+00
9.411765e-01
3.598616e-01
4.705882e-01
4.705882e-01
2.214533e-01
3.044983e-01
9.688581e-01
1.716263e+00
7.197232e-01
2.491349e-01
3.321799e-01
7.474048e-01
2.214533e-01
4.429066e-01
5.813149e-01
1.356401e+00
1.411765e+00
1.467128e+00
1.467128e+00
6.643599e-01
4.705882e-01
1.633218e+00
1.605536e+00
1.411765e+00
9.965398e-01
1.439446e+00
1.411765e+00
1.494810e+00
9.965398e-01
1.550173e+00
1.217993e+00
2.546713e+00
1.384083e+00
1.522491e+00
1.356401e+00
2.325260e+00
1.605536e+00
9.411765e-01
1.134948e+00
1.190311e+00
1.522491e+00
1.577855e+00
1.688581e+00
1.273356e+00
1.467128e+00
1.107266e+00
4.982699e-01
4.982699e-01
1.051903e+00
8.027682e-01
8.027682e-01
1.024221e+00
1.550173e+00
4.152249e-01
6.366782e-01
2.768166e-01
2.491349e-01
1.107266e-01
5.259516e-01
5.536332e-01
9.688581e-01
3.598616e-01
9.134948e-01
7.750865e-01
9.411765e-01
2.768166e-01
2.491349e-01
4.429066e-01
5.536332e-01
2.491349e-01
1.024221e+00
1.522491e+00
7.197232e-01
3.875433e-01
4.152249e-01
8.027682e-01
1.660900e-01
3.044983e-01
7.750865e-01
1.577855e+00
1.245675e+00
1.079585e+00
1.024221e+00
3.598616e-01
2.768166e-01
1.522491e+00
1.273356e+00
1.356401e+00
1.190311e+00
1.439446e+00
1.854671e+00
1.550173e+00
9.411765e-01
1.467128e+00
1.439446e+00
2.159170e+00
1.107266e+00
1.328720e+00
1.051903e+00
1.910035e+00
1.134948e+00
1.107266e+00
1.079585e+00
1.743945e+00
1.550173e+00
1.743945e+00
1.771626e+00
1.826990e+00
2.214533e+00
1.162630e+00
6.089965e-01
7.197232e-01
1.273356e+00
1.245675e+00
9.965398e-01
1.134948e+00
1.384083e+00
5.813149e-01
4.705882e-01
8.304498e-02
4.429066e-01
0.000000e+00
6.643599e-01
5.813149e-01
1.107266e+00
3.598616e-01
8.858131e-01
6.089965e-01
7.474048e-01
2.214533e-01
5.536332e-02
3.598616e-01
6.089965e-01
4.152249e-01
1.162630e+00
1.217993e+00
8.027682e-01
4.982699e-01
4.705882e-01
5.813149e-01
2.214533e-01
2.491349e-01
5.259516e-01
1.550173e+00
9.411765e-01
7.474048e-01
5.259516e-01
5.813149e-01
3.875433e-01
1.356401e+00
1.107266e+00
1.522491e+00
1.411765e+00
1.467128e+00
1.716263e+00
1.273356e+00
5.813149e-01
1.411765e+00
1.743945e+00
2.020761e+00
1.051903e+00
1.577855e+00
1.605536e+00
1.882353e+00
1.467128e+00
9.688581e-01
1.245675e+00
1.854671e+00
1.245675e+00
1.467128e+00
1.107266e+00
1.743945e+00
1.771626e+00
1.107266e+00
7.197232e-01
8.304498e-01
1.633218e+00
1.411765e+00
1.660900e+00
1.301038e+00
1.411765e+00
1.051903e+00
4.152249e-01
1.937716e-01
5.813149e-01
1.660900e-01
4.705882e-01
6.920415e-01
1.273356e+00
1.937716e-01
6.366782e-01
5.813149e-01
6.089965e-01
1.107266e-01
2.768166e-01
4.705882e-01
7.197232e-01
