1.438849e+00
1.352518e+00
1.410072e+00
1.697842e+00
1.122302e+00
1.381295e+00
1.294964e+00
1.841727e+00
1.122302e+00
1.323741e+00
1.525180e+00
1.438849e+00
1.266187e+00
1.438849e+00
1.294964e+00
1.784173e+00
6.330935e-01
6.618705e-01
1.266187e+00
8.920863e-01
1.035971e+00
1.496403e+00
3.741007e-01
9.208633e-01
2.302158e-01
4.316547e-01
2.877698e-01
2.589928e-01
4.892086e-01
4.604317e-01
1.438849e-01
3.165468e-01
2.877698e-02
3.453237e-01
2.014388e-01
7.769784e-01
7.194245e-01
4.892086e-01
2.589928e-01
4.316547e-01
4.028777e-01
5.755396e-01
1.208633e+00
1.266187e+00
7.194245e-01
4.316547e-01
6.618705e-01
3.165468e-01
1.266187e+00
1.007194e+00
1.525180e+00
1.899281e+00
1.151079e+00
6.043165e-01
1.812950e+00
1.525180e+00
1.496403e+00
1.525180e+00
1.841727e+00
9.496403e-01
1.410072e+00
1.151079e+00
2.158273e+00
1.208633e+00
1.323741e+00
1.640288e+00
1.611511e+00
1.611511e+00
1.151079e+00
1.496403e+00
1.841727e+00
1.726619e+00
1.438849e+00
1.410072e+00
1.496403e+00
1.697842e+00
1.323741e+00
1.294964e+00
1.208633e+00
1.496403e+00
8.633094e-01
6.330935e-01
1.323741e+00
9.784173e-01
1.208633e+00
1.496403e+00
6.043165e-01
1.582734e+00
2.302158e-01
4.604317e-01
4.604317e-01
3.453237e-01
6.330935e-01
7.482014e-01
8.633094e-02
2.589928e-01
2.877698e-02
4.604317e-01
1.151079e-01
6.043165e-01
4.892086e-01
4.604317e-01
3.741007e-01
4.892086e-01
2.302158e-01
5.467626e-01
9.496403e-01
1.007194e+00
9.784173e-01
4.316547e-01
4.892086e-01
2.302158e-01
1.266187e+00
8.920863e-01
1.410072e+00
1.669065e+00
7.769784e-01
4.316547e-01
1.611511e+00
1.294964e+00
1.237410e+00
1.179856e+00
1.899281e+00
1.266187e+00
1.352518e+00
1.093525e+00
1.784173e+00
1.266187e+00
1.294964e+00
1.553957e+00
1.553957e+00
1.266187e+00
1.525180e+00
1.956835e+00
1.870504e+00
1.611511e+00
1.438849e+00
1.553957e+00
1.381295e+00
1.812950e+00
1.237410e+00
1.237410e+00
1.410072e+00
1.726619e+00
7.769784e-01
8.345324e-01
1.410072e+00
1.381295e+00
1.122302e+00
1.179856e+00
7.482014e-01
1.553957e+00
4.316547e-01
3.165468e-01
8.057554e-01
2.877698e-01
6.906475e-01
1.208633e+00
2.302158e-01
2.877698e-01
2.877698e-02
6.043165e-01
1.151079e-01
4.892086e-01
6.618705e-01
3.165468e-01
2.302158e-01
6.906475e-01
2.014388e-01
5.179856e-01
7.769784e-01
6.906475e-01
7.482014e-01
6.618705e-01
5.755396e-01
2.302158e-01
9.496403e-01
7.482014e-01
1.179856e+00
2.071942e+00
5.467626e-01
2.589928e-01
1.093525e+00
1.035971e+00
1.496403e+00
1.093525e+00
2.043165e+00
1.179856e+00
1.381295e+00
6.330935e-01
1.841727e+00
1.208633e+00
1.294964e+00
1.410072e+00
1.755396e+00
9.784173e-01
1.410072e+00
1.669065e+00
1.899281e+00
1.553957e+00
1.669065e+00
1.582734e+00
1.352518e+00
1.812950e+00
1.179856e+00
1.035971e+00
1.294964e+00
1.496403e+00
8.633094e-01
1.122302e+00
1.669065e+00
1.467626e+00
1.208633e+00
1.525180e+00
1.122302e+00
1.985612e+00
4.892086e-01
4.316547e-01
8.345324e-01
4.604317e-01
9.784173e-01
1.179856e+00
2.302158e-01
4.892086e-01
1.726619e-01
4.604317e-01
2.302158e-01
2.589928e-01
5.179856e-01
3.453237e-01
1.438849e-01
4.604317e-01
0.000000e+00
4.028777e-01
5.467626e-01
9.208633e-01
6.043165e-01
6.043165e-01
4.892086e-01
3.165468e-01
6.906475e-01
6.618705e-01
1.237410e+00
1.467626e+00
7.769784e-01
4.028777e-01
7.482014e-01
6.618705e-01
1.438849e+00
1.151079e+00
1.640288e+00
1.812950e+00
1.237410e+00
6.906475e-01
2.071942e+00
1.381295e+00
1.151079e+00
1.669065e+00
1.525180e+00
1.122302e+00
1.553957e+00
1.151079e+00
1.870504e+00
1.697842e+00
1.294964e+00
1.525180e+00
1.266187e+00
1.726619e+00
1.093525e+00
1.669065e+00
1.179856e+00
1.784173e+00
1.323741e+00
1.410072e+00
1.323741e+00
1.438849e+00
1.438849e+00
1.438849e+00
1.122302e+00
1.697842e+00
6.906475e-01
7.194245e-01
1.007194e+00
8.920863e-01
1.151079e+00
1.352518e+00
7.482014e-01
7.194245e-01
2.877698e-01
6.043165e-01
8.633094e-02
4.028777e-01
2.589928e-01
7.482014e-01
0.000000e+00
2.302158e-01
2.302158e-01
2.589928e-01
1.726619e-01
6.906475e-01
8.920863e-01
2.589928e-01
5.179856e-01
2.302158e-01
3.165468e-01
5.755396e-01
8.920863e-01
1.381295e+00
8.633094e-01
3.741007e-01
8.920863e-01
2.877698e-01
1.381295e+00
1.035971e+00
1.266187e+00
1.899281e+00
1.611511e+00
4.892086e-01
1.611511e+00
1.496403e+00
9.784173e-01
1.323741e+00
1.381295e+00
1.611511e+00
1.467626e+00
1.179856e+00
1.553957e+00
1.582734e+00
1.208633e+00
1.669065e+00
1.525180e+00
1.553957e+00
1.352518e+00
1.467626e+00
1.669065e+00
1.956835e+00
1.323741e+00
1.755396e+00
1.208633e+00
1.582734e+00
1.467626e+00
1.525180e+00
1.151079e+00
1.352518e+00
1.122302e+00
6.043165e-01
1.151079e+00
1.122302e+00
1.179856e+00
1.381295e+00
8.345324e-01
1.294964e+00
2.877698e-01
6.330935e-01
2.589928e-01
3.453237e-01
5.467626e-01
1.007194e+00
1.151079e-01
2.877698e-02
2.302158e-01
4.604317e-01
0.000000e+00
5.179856e-01
6.618705e-01
2.589928e-01
4.604317e-01
4.316547e-01
2.589928e-01
4.604317e-01
6.618705e-01
1.179856e+00
1.007194e+00
3.741007e-01
7.194245e-01
2.014388e-01
1.266187e+00
8.920863e-01
1.352518e+00
1.640288e+00
1.179856e+00
2.877698e-01
1.438849e+00
1.294964e+00
1.381295e+00
1.237410e+00
1.381295e+00
1.611511e+00
1.755396e+00
6.618705e-01
1.438849e+00
1.410072e+00
1.266187e+00
1.553957e+00
1.467626e+00
1.323741e+00
1.381295e+00
1.956835e+00
1.784173e+00
1.899281e+00
1.294964e+00
1.928058e+00
1.151079e+00
1.669065e+00
1.410072e+00
1.381295e+00
1.352518e+00
1.611511e+00
7.482014e-01
8.633094e-01
1.266187e+00
1.352518e+00
1.122302e+00
1.438849e+00
7.194245e-01
1.496403e+00
5.467626e-01
4.316547e-01
5.755396e-01
3.165468e-01
7.194245e-01
1.179856e+00
4.892086e-01
0.000000e+00
4.028777e-01
6.043165e-01
0.000000e+00
5.467626e-01
6.330935e-01
4.028777e-01
8.633094e-02
4.604317e-01
2.302158e-01
4.316547e-01
6.618705e-01
7.482014e-01
7.194245e-01
3.741007e-01
1.035971e+00
2.014388e-01
8.057554e-01
7.482014e-01
1.035971e+00
1.985612e+00
1.122302e+00
8.633094e-02
1.035971e+00
1.064748e+00
1.410072e+00
1.266187e+00
1.323741e+00
1.812950e+00
1.812950e+00
7.194245e-01
1.496403e+00
1.582734e+00
1.179856e+00
1.582734e+00
1.323741e+00
1.237410e+00
1.352518e+00
1.669065e+00
1.870504e+00
1.755396e+00
1.323741e+00
1.870504e+00
1.208633e+00
1.697842e+00
1.352518e+00
1.323741e+00
9.496403e-01
1.697842e+00
1.151079e+00
1.064748e+00
1.525180e+00
1.438849e+00
1.208633e+00
1.582734e+00
1.266187e+00
1.726619e+00
5.467626e-01
5.467626e-01
6.906475e-01
4.316547e-01
9.208633e-01
1.208633e+00
4.892086e-01
2.589928e-01
2.589928e-01
6.043165e-01
2.877698e-02
4.028777e-01
4.892086e-01
4.316547e-01
0.000000e+00
3.741007e-01
2.302158e-01
3.165468e-01
5.179856e-01
8.633094e-01
6.618705e-01
2.877698e-01
9.208633e-01
8.633094e-02
5.755396e-01
5.467626e-01
9.208633e-01
1.669065e+00
1.064748e+00
2.589928e-01
9.496403e-01
6.618705e-01
1.179856e+00
1.151079e+00
1.352518e+00
1.784173e+00
1.755396e+00
4.892086e-01
1.294964e+00
1.784173e+00
1.208633e+00
1.381295e+00
1.669065e+00
1.381295e+00
1.553957e+00
1.410072e+00
1.151079e+00
1.985612e+00
1.381295e+00
1.438849e+00
1.208633e+00
1.870504e+00
1.323741e+00
1.553957e+00
1.151079e+00
1.611511e+00
1.496403e+00
1.381295e+00
1.352518e+00
1.582734e+00
1.669065e+00
1.179856e+00
1.237410e+00
1.294964e+00
1.007194e+00
6.330935e-01
8.920863e-01
8.633094e-01
1.151079e+00
1.208633e+00
1.122302e+00
4.028777e-01
2.302158e-01
6.330935e-01
5.755396e-02
2.589928e-01
2.589928e-01
9.496403e-01
0.000000e+00
2.302158e-01
2.302158e-01
2.302158e-01
2.014388e-01
6.330935e-01
7.482014e-01
4.604317e-01
5.179856e-01
2.302158e-01
2.302158e-01
6.906475e-01
8.345324e-01
1.323741e+00
9.496403e-01
3.741007e-01
9.784173e-01
2.014388e-01
1.035971e+00
9.784173e-01
1.496403e+00
1.266187e+00
1.640288e+00
3.453237e-01
1.064748e+00
1.525180e+00
9.208633e-01
1.237410e+00
1.410072e+00
1.669065e+00
1.640288e+00
1.151079e+00
1.179856e+00
1.870504e+00
1.381295e+00
1.553957e+00
1.525180e+00
1.870504e+00
1.381295e+00
1.496403e+00
1.352518e+00
1.841727e+00
1.352518e+00
1.755396e+00
1.093525e+00
1.755396e+00
1.697842e+00
1.381295e+00
1.323741e+00
1.007194e+00
1.582734e+00
4.604317e-01
1.093525e+00
1.093525e+00
1.179856e+00
1.381295e+00
9.784173e-01
9.208633e-01
2.302158e-01
6.043165e-01
2.877698e-01
2.589928e-01
5.179856e-01
1.007194e+00
2.877698e-01
2.877698e-02
2.302158e-01
4.316547e-01
2.877698e-02
4.604317e-01
5.179856e-01
4.604317e-01
4.604317e-01
4.316547e-01
2.302158e-01
5.179856e-01
6.330935e-01
1.323741e+00
8.345324e-01
4.028777e-01
8.057554e-01
1.151079e-01
6.618705e-01
9.208633e-01
1.093525e+00
1.611511e+00
1.410072e+00
2.589928e-01
9.208633e-01
1.007194e+00
1.208633e+00
1.237410e+00
1.438849e+00
1.812950e+00
1.697842e+00
6.906475e-01
9.208633e-01
1.870504e+00
1.208633e+00
1.410072e+00
1.582734e+00
1.381295e+00
1.611511e+00
1.956835e+00
1.582734e+00
1.899281e+00
1.467626e+00
1.841727e+00
1.208633e+00
1.697842e+00
1.669065e+00
1.266187e+00
1.323741e+00
1.323741e+00
1.294964e+00
6.330935e-01
1.064748e+00
1.553957e+00
1.352518e+00
1.294964e+00
7.482014e-01
1.064748e+00
4.892086e-01
4.028777e-01
5.755396e-01
3.741007e-01
5.179856e-01
1.151079e+00
7.482014e-01
0.000000e+00
4.028777e-01
5.755396e-01
2.877698e-02
3.741007e-01
4.316547e-01
7.769784e-01
8.633094e-02
4.604317e-01
2.302158e-01
5.179856e-01
5.755396e-01
8.920863e-01
7.194245e-01
2.302158e-01
1.122302e+00
1.151079e-01
5.755396e-01
6.906475e-01
9.496403e-01
1.525180e+00
1.208633e+00
2.302158e-01
9.784173e-01
4.892086e-01
9.784173e-01
1.496403e+00
1.237410e+00
1.841727e+00
1.899281e+00
7.482014e-01
9.496403e-01
2.273381e+00
1.323741e+00
1.266187e+00
1.640288e+00
1.323741e+00
1.410072e+00
1.669065e+00
1.669065e+00
1.669065e+00
1.208633e+00
1.985612e+00
1.208633e+00
1.841727e+00
1.582734e+00
1.208633e+00
9.496403e-01
1.438849e+00
1.784173e+00
6.906475e-01
1.352518e+00
1.611511e+00
1.582734e+00
1.496403e+00
1.208633e+00
1.237410e+00
6.043165e-01
5.467626e-01
6.906475e-01
4.316547e-01
7.482014e-01
1.122302e+00
8.057554e-01
1.438849e-01
2.589928e-01
5.755396e-01
2.877698e-02
2.302158e-01
3.165468e-01
8.057554e-01
0.000000e+00
3.741007e-01
2.302158e-01
2.877698e-01
4.604317e-01
8.920863e-01
6.618705e-01
3.453237e-01
8.920863e-01
1.151079e-01
2.302158e-01
6.330935e-01
5.179856e-01
1.179856e+00
1.410072e+00
4.316547e-01
6.618705e-01
5.179856e-01
1.323741e+00
1.035971e+00
1.122302e+00
1.697842e+00
2.129496e+00
7.194245e-01
8.345324e-01
1.928058e+00
1.352518e+00
1.496403e+00
1.582734e+00
1.410072e+00
1.467626e+00
1.352518e+00
1.266187e+00
1.812950e+00
1.553957e+00
1.294964e+00
1.151079e+00
1.870504e+00
1.381295e+00
1.410072e+00
1.410072e+00
1.467626e+00
1.525180e+00
1.237410e+00
1.208633e+00
1.669065e+00
1.294964e+00
1.467626e+00
1.582734e+00
1.208633e+00
8.920863e-01
5.755396e-01
7.482014e-01
1.093525e+00
1.064748e+00
1.064748e+00
1.410072e+00
4.316547e-01
2.302158e-01
5.179856e-01
1.438849e-01
2.877698e-01
2.589928e-01
8.345324e-01
1.151079e-01
2.302158e-01
4.604317e-01
8.633094e-02
3.165468e-01
2.589928e-01
8.920863e-01
6.906475e-01
2.877698e-01
2.589928e-01
2.302158e-01
4.604317e-01
5.179856e-01
8.920863e-01
1.151079e+00
6.906475e-01
4.604317e-01
4.604317e-01
1.179856e+00
9.208633e-01
1.208633e+00
1.323741e+00
1.899281e+00
5.467626e-01
7.194245e-01
1.553957e+00
1.237410e+00
1.093525e+00
1.151079e+00
1.870504e+00
1.582734e+00
1.237410e+00
1.208633e+00
1.697842e+00
1.553957e+00
1.438849e+00
1.467626e+00
1.784173e+00
1.611511e+00
1.237410e+00
1.496403e+00
1.812950e+00
1.093525e+00
1.784173e+00
1.064748e+00
1.640288e+00
1.669065e+00
1.553957e+00
1.525180e+00
1.035971e+00
1.582734e+00
5.467626e-01
8.633094e-01
1.266187e+00
7.769784e-01
1.410072e+00
1.496403e+00
7.482014e-01
2.302158e-01
3.453237e-01
3.453237e-01
4.604317e-01
4.892086e-01
8.345324e-01
4.028777e-01
1.151079e-01
4.604317e-01
2.877698e-01
1.726619e-01
2.302158e-01
7.194245e-01
4.604317e-01
2.589928e-01
4.316547e-01
2.302158e-01
4.316547e-01
4.892086e-01
6.906475e-01
8.633094e-01
4.604317e-01
6.906475e-01
5.467626e-01
7.482014e-01
7.769784e-01
8.920863e-01
1.381295e+00
2.043165e+00
3.165468e-01
6.330935e-01
1.093525e+00
1.553957e+00
1.093525e+00
1.352518e+00
1.841727e+00
1.640288e+00
1.064748e+00
6.330935e-01
1.697842e+00
1.410072e+00
1.381295e+00
1.381295e+00
1.582734e+00
1.496403e+00
1.726619e+00
1.812950e+00
1.841727e+00
1.208633e+00
1.812950e+00
1.179856e+00
1.640288e+00
1.611511e+00
1.323741e+00
1.611511e+00
1.410072e+00
1.496403e+00
5.467626e-01
9.496403e-01
1.410072e+00
1.151079e+00
1.381295e+00
1.352518e+00
7.194245e-01
2.877698e-01
4.604317e-01
3.165468e-01
7.769784e-01
4.604317e-01
9.208633e-01
8.057554e-01
2.302158e-01
6.330935e-01
3.741007e-01
2.302158e-01
1.438849e-01
6.330935e-01
7.769784e-01
2.877698e-02
3.165468e-01
3.165468e-01
1.438849e-01
4.316547e-01
5.179856e-01
9.496403e-01
5.755396e-01
4.892086e-01
4.604317e-01
6.043165e-01
6.618705e-01
6.330935e-01
1.410072e+00
1.669065e+00
2.877698e-01
7.194245e-01
6.618705e-01
1.323741e+00
1.208633e+00
1.266187e+00
1.640288e+00
2.100719e+00
1.122302e+00
6.043165e-01
2.158273e+00
1.410072e+00
1.352518e+00
1.410072e+00
1.611511e+00
1.410072e+00
1.381295e+00
1.669065e+00
1.726619e+00
1.323741e+00
1.755396e+00
1.266187e+00
1.669065e+00
1.410072e+00
1.467626e+00
1.352518e+00
1.179856e+00
1.669065e+00
7.482014e-01
1.151079e+00
1.697842e+00
1.410072e+00
1.266187e+00
1.812950e+00
1.208633e+00
5.179856e-01
5.467626e-01
4.892086e-01
6.906475e-01
6.330935e-01
1.151079e+00
8.345324e-01
2.302158e-01
4.028777e-01
4.604317e-01
1.438849e-01
2.302158e-01
3.165468e-01
7.194245e-01
8.633094e-02
2.302158e-01
