1.663082e+00
1.777778e+00
1.060932e+00
1.577061e+00
1.146953e+00
6.881720e-01
1.433692e+00
1.548387e+00
1.261649e+00
1.405018e+00
8.602151e-01
1.376344e+00
1.146953e+00
1.577061e+00
1.261649e+00
9.749104e-01
1.175627e+00
3.727599e-01
3.154122e-01
4.301075e-01
9.175627e-01
6.594982e-01
1.921147e+00
1.462366e+00
2.867384e-01
3.727599e-01
4.014337e-01
2.867384e-01
4.874552e-01
8.602151e-01
5.448029e-01
7.168459e-01
5.734767e-01
1.433692e-01
4.301075e-01
7.741935e-01
8.602151e-02
4.014337e-01
3.154122e-01
1.433692e-01
1.175627e+00
6.881720e-01
9.462366e-01
7.168459e-01
7.741935e-01
6.881720e-01
8.888889e-01
1.146953e+00
1.003584e+00
1.347670e+00
1.060932e+00
1.060932e+00
1.462366e+00
1.146953e+00
1.204301e+00
1.318996e+00
1.720430e+00
1.433692e+00
1.318996e+00
2.007168e+00
1.634409e+00
1.720430e+00
1.290323e+00
1.405018e+00
1.892473e+00
1.835125e+00
1.232975e+00
1.634409e+00
1.376344e+00
1.146953e+00
1.491039e+00
1.462366e+00
1.376344e+00
1.290323e+00
7.455197e-01
1.749104e+00
1.347670e+00
1.433692e+00
1.405018e+00
1.204301e+00
1.204301e+00
5.448029e-01
5.734767e-01
6.021505e-01
7.455197e-01
1.032258e+00
1.835125e+00
1.634409e+00
5.448029e-01
3.727599e-01
2.007168e-01
4.874552e-01
7.168459e-01
7.168459e-01
9.462366e-01
8.602151e-01
5.448029e-01
1.433692e-01
6.308244e-01
5.734767e-01
5.734767e-02
5.448029e-01
3.440860e-01
1.433692e-01
8.602151e-01
4.587814e-01
6.308244e-01
5.448029e-01
4.874552e-01
4.874552e-01
7.455197e-01
6.881720e-01
1.003584e+00
1.146953e+00
1.175627e+00
1.232975e+00
1.175627e+00
8.888889e-01
1.003584e+00
1.605735e+00
1.433692e+00
1.749104e+00
1.204301e+00
1.405018e+00
1.749104e+00
1.491039e+00
1.089606e+00
1.118280e+00
1.835125e+00
1.806452e+00
1.462366e+00
1.806452e+00
1.261649e+00
1.376344e+00
1.204301e+00
1.175627e+00
1.835125e+00
1.376344e+00
8.028674e-01
1.892473e+00
1.261649e+00
1.261649e+00
1.749104e+00
1.290323e+00
1.175627e+00
8.602151e-01
6.881720e-01
8.315412e-01
1.146953e+00
1.376344e+00
1.749104e+00
1.663082e+00
7.455197e-01
4.587814e-01
0.000000e+00
4.587814e-01
5.161290e-01
5.448029e-01
8.888889e-01
8.888889e-01
4.014337e-01
5.734767e-02
6.021505e-01
2.580645e-01
4.014337e-01
6.308244e-01
5.448029e-01
3.440860e-01
6.308244e-01
6.021505e-01
4.587814e-01
7.741935e-01
4.587814e-01
1.146953e-01
6.594982e-01
5.448029e-01
1.146953e+00
9.175627e-01
1.290323e+00
1.003584e+00
7.455197e-01
1.003584e+00
5.448029e-01
1.462366e+00
1.089606e+00
1.462366e+00
1.089606e+00
1.204301e+00
1.863799e+00
1.433692e+00
1.519713e+00
1.347670e+00
1.835125e+00
1.720430e+00
1.175627e+00
1.777778e+00
1.290323e+00
1.376344e+00
1.290323e+00
1.261649e+00
1.519713e+00
1.863799e+00
1.118280e+00
2.035842e+00
1.318996e+00
8.028674e-01
1.347670e+00
1.433692e+00
1.261649e+00
9.462366e-01
7.455197e-01
9.175627e-01
9.175627e-01
1.863799e+00
1.949821e+00
1.347670e+00
1.118280e+00
3.440860e-01
1.433692e-01
4.874552e-01
7.741935e-01
2.867384e-01
1.175627e+00
1.318996e+00
2.293907e-01
2.580645e-01
6.021505e-01
1.720430e-01
4.587814e-01
9.175627e-01
4.301075e-01
3.440860e-01
6.021505e-01
1.433692e-01
3.727599e-01
7.741935e-01
2.867384e-01
2.867384e-01
4.874552e-01
4.014337e-01
1.376344e+00
1.146953e+00
1.118280e+00
1.003584e+00
7.168459e-01
9.175627e-01
9.749104e-01
1.118280e+00
9.175627e-01
1.118280e+00
1.118280e+00
1.060932e+00
1.892473e+00
1.290323e+00
1.204301e+00
1.491039e+00
1.577061e+00
1.318996e+00
1.318996e+00
2.007168e+00
1.749104e+00
1.376344e+00
1.663082e+00
1.519713e+00
1.577061e+00
1.663082e+00
1.462366e+00
1.232975e+00
1.519713e+00
8.315412e-01
1.146953e+00
1.462366e+00
1.491039e+00
1.175627e+00
6.308244e-01
1.777778e+00
1.003584e+00
1.462366e+00
1.605735e+00
7.168459e-01
7.455197e-01
8.888889e-01
3.440860e-01
2.867384e-01
1.032258e+00
5.161290e-01
1.491039e+00
1.949821e+00
2.007168e-01
4.587814e-01
2.293907e-01
4.301075e-01
3.727599e-01
4.587814e-01
8.888889e-01
9.175627e-01
4.301075e-01
2.867384e-01
2.293907e-01
8.315412e-01
1.720430e-01
4.587814e-01
2.007168e-01
2.580645e-01
9.175627e-01
8.028674e-01
1.003584e+00
7.168459e-01
1.032258e+00
4.874552e-01
8.888889e-01
1.175627e+00
1.347670e+00
1.318996e+00
8.028674e-01
1.146953e+00
1.491039e+00
1.146953e+00
8.602151e-01
1.491039e+00
1.605735e+00
1.405018e+00
9.462366e-01
1.749104e+00
1.806452e+00
1.318996e+00
1.491039e+00
9.175627e-01
1.433692e+00
1.921147e+00
1.720430e+00
1.405018e+00
1.405018e+00
1.175627e+00
1.290323e+00
1.720430e+00
1.577061e+00
1.204301e+00
6.308244e-01
1.777778e+00
1.347670e+00
1.376344e+00
1.663082e+00
9.749104e-01
1.118280e+00
7.168459e-01
4.874552e-01
5.448029e-01
1.032258e+00
8.028674e-01
1.663082e+00
1.806452e+00
2.293907e-01
6.881720e-01
1.720430e-01
4.874552e-01
5.734767e-01
4.874552e-01
9.175627e-01
1.290323e+00
4.014337e-01
2.867384e-01
2.867384e-01
7.741935e-01
1.433692e-01
4.587814e-01
3.727599e-01
2.580645e-01
7.168459e-01
5.734767e-01
5.734767e-01
4.874552e-01
6.881720e-01
2.867384e-01
7.455197e-01
8.315412e-01
1.204301e+00
1.118280e+00
1.204301e+00
1.204301e+00
1.376344e+00
8.315412e-01
6.021505e-01
1.691756e+00
1.290323e+00
1.290323e+00
7.168459e-01
1.605735e+00
1.749104e+00
1.261649e+00
1.634409e+00
1.462366e+00
1.577061e+00
1.634409e+00
1.921147e+00
1.663082e+00
1.433692e+00
1.204301e+00
1.060932e+00
1.433692e+00
1.663082e+00
1.405018e+00
8.888889e-01
1.720430e+00
1.376344e+00
1.376344e+00
1.806452e+00
1.232975e+00
1.290323e+00
1.032258e+00
4.874552e-01
8.888889e-01
1.347670e+00
1.032258e+00
1.806452e+00
1.605735e+00
4.301075e-01
7.741935e-01
0.000000e+00
4.587814e-01
4.014337e-01
3.440860e-01
8.602151e-01
1.232975e+00
3.440860e-01
1.146953e-01
2.293907e-01
6.021505e-01
2.293907e-01
6.021505e-01
6.021505e-01
5.161290e-01
4.014337e-01
7.741935e-01
5.734767e-01
4.014337e-01
8.028674e-01
1.146953e-01
4.301075e-01
7.455197e-01
1.290323e+00
8.888889e-01
1.204301e+00
1.089606e+00
1.032258e+00
8.028674e-01
5.448029e-01
1.261649e+00
1.347670e+00
1.089606e+00
6.881720e-01
1.548387e+00
1.663082e+00
1.060932e+00
1.290323e+00
1.405018e+00
1.491039e+00
1.433692e+00
1.605735e+00
1.634409e+00
1.433692e+00
1.261649e+00
1.405018e+00
1.462366e+00
1.548387e+00
1.720430e+00
1.261649e+00
1.863799e+00
1.605735e+00
1.032258e+00
1.060932e+00
1.347670e+00
1.232975e+00
1.060932e+00
5.448029e-01
1.060932e+00
1.003584e+00
1.462366e+00
2.207885e+00
1.376344e+00
8.888889e-01
7.741935e-01
1.433692e-01
4.014337e-01
7.455197e-01
2.867384e-01
8.028674e-01
1.605735e+00
1.433692e-01
3.440860e-01
2.293907e-01
5.161290e-01
2.867384e-01
6.308244e-01
8.028674e-01
4.587814e-01
5.161290e-01
2.293907e-01
3.727599e-01
5.448029e-01
5.161290e-01
2.867384e-01
2.007168e-01
6.881720e-01
1.118280e+00
1.261649e+00
1.175627e+00
8.602151e-01
1.118280e+00
7.168459e-01
9.749104e-01
1.146953e+00
1.433692e+00
9.749104e-01
1.175627e+00
1.089606e+00
1.318996e+00
1.146953e+00
1.032258e+00
1.433692e+00
1.663082e+00
1.491039e+00
1.347670e+00
1.577061e+00
1.835125e+00
1.634409e+00
1.577061e+00
1.405018e+00
1.405018e+00
1.491039e+00
1.749104e+00
9.749104e-01
1.749104e+00
1.146953e+00
1.146953e+00
1.232975e+00
1.290323e+00
1.290323e+00
6.881720e-01
1.548387e+00
1.261649e+00
1.347670e+00
1.290323e+00
1.146953e+00
1.175627e+00
8.602151e-01
2.580645e-01
4.301075e-01
6.881720e-01
6.021505e-01
1.060932e+00
2.179211e+00
4.587814e-01
3.727599e-01
8.602151e-02
6.594982e-01
2.867384e-01
4.301075e-01
1.003584e+00
6.594982e-01
2.580645e-01
4.587814e-01
2.293907e-01
7.455197e-01
2.580645e-01
2.293907e-01
2.867384e-01
4.014337e-01
7.741935e-01
1.089606e+00
1.003584e+00
5.734767e-01
1.003584e+00
7.741935e-01
6.881720e-01
1.118280e+00
1.462366e+00
8.888889e-01
1.204301e+00
1.175627e+00
1.405018e+00
8.888889e-01
8.028674e-01
1.405018e+00
1.519713e+00
1.462366e+00
1.290323e+00
1.376344e+00
1.720430e+00
1.462366e+00
1.433692e+00
9.749104e-01
1.519713e+00
1.548387e+00
1.921147e+00
1.290323e+00
1.519713e+00
1.519713e+00
1.261649e+00
1.491039e+00
1.376344e+00
1.433692e+00
6.881720e-01
1.376344e+00
1.605735e+00
1.491039e+00
1.491039e+00
1.089606e+00
1.405018e+00
7.741935e-01
4.301075e-01
6.021505e-01
8.602151e-01
7.455197e-01
1.261649e+00
2.093190e+00
4.874552e-01
6.021505e-01
8.602151e-02
6.594982e-01
4.301075e-01
5.161290e-01
8.315412e-01
1.232975e+00
2.580645e-01
4.301075e-01
2.293907e-01
7.455197e-01
2.293907e-01
2.293907e-01
4.587814e-01
4.014337e-01
4.301075e-01
8.888889e-01
6.881720e-01
3.727599e-01
6.308244e-01
4.587814e-01
5.448029e-01
8.888889e-01
1.347670e+00
8.602151e-01
1.204301e+00
1.175627e+00
1.146953e+00
7.168459e-01
6.881720e-01
9.749104e-01
1.462366e+00
1.175627e+00
1.060932e+00
1.146953e+00
1.577061e+00
1.663082e+00
1.519713e+00
1.405018e+00
1.462366e+00
1.462366e+00
1.978495e+00
1.519713e+00
1.548387e+00
1.462366e+00
1.118280e+00
1.376344e+00
1.405018e+00
1.577061e+00
1.032258e+00
1.204301e+00
1.777778e+00
1.433692e+00
1.777778e+00
1.261649e+00
1.405018e+00
1.118280e+00
4.874552e-01
9.462366e-01
1.204301e+00
9.462366e-01
1.405018e+00
1.978495e+00
7.168459e-01
6.881720e-01
8.602151e-02
4.587814e-01
2.580645e-01
4.301075e-01
6.021505e-01
1.261649e+00
4.014337e-01
2.580645e-01
0.000000e+00
8.315412e-01
1.720430e-01
4.587814e-01
6.594982e-01
4.587814e-01
2.580645e-01
8.888889e-01
6.881720e-01
3.154122e-01
7.168459e-01
2.007168e-01
3.154122e-01
8.602151e-01
1.118280e+00
1.290323e+00
1.290323e+00
7.741935e-01
1.146953e+00
7.168459e-01
9.175627e-01
1.118280e+00
1.548387e+00
8.888889e-01
9.462366e-01
1.261649e+00
1.519713e+00
1.433692e+00
1.290323e+00
1.204301e+00
1.577061e+00
1.318996e+00
1.663082e+00
1.433692e+00
1.577061e+00
1.433692e+00
1.318996e+00
1.405018e+00
1.347670e+00
1.634409e+00
1.577061e+00
1.462366e+00
1.777778e+00
1.376344e+00
9.749104e-01
1.290323e+00
1.204301e+00
1.318996e+00
5.161290e-01
9.462366e-01
1.032258e+00
1.376344e+00
1.777778e+00
1.777778e+00
1.146953e+00
6.308244e-01
1.720430e-01
5.161290e-01
6.021505e-01
2.580645e-01
6.021505e-01
1.720430e+00
2.580645e-01
4.587814e-01
0.000000e+00
7.455197e-01
2.293907e-01
5.734767e-01
9.175627e-01
2.293907e-01
2.580645e-01
4.874552e-01
3.727599e-01
4.587814e-01
5.161290e-01
1.433692e-01
2.867384e-01
8.315412e-01
1.175627e+00
1.060932e+00
8.028674e-01
6.881720e-01
1.089606e+00
7.168459e-01
5.734767e-01
9.175627e-01
1.462366e+00
9.749104e-01
1.118280e+00
1.318996e+00
1.204301e+00
1.089606e+00
1.261649e+00
1.175627e+00
1.519713e+00
1.634409e+00
1.376344e+00
1.548387e+00
1.720430e+00
1.863799e+00
1.519713e+00
1.347670e+00
1.318996e+00
1.634409e+00
1.749104e+00
1.146953e+00
1.691756e+00
1.003584e+00
9.462366e-01
1.405018e+00
9.749104e-01
1.261649e+00
1.003584e+00
1.232975e+00
1.089606e+00
1.663082e+00
1.376344e+00
1.261649e+00
1.347670e+00
1.032258e+00
3.154122e-01
4.301075e-01
4.587814e-01
8.602151e-01
8.028674e-01
2.007168e+00
4.587814e-01
4.301075e-01
2.293907e-01
4.301075e-01
3.727599e-01
4.301075e-01
1.032258e+00
5.734767e-01
8.602151e-02
6.308244e-01
5.734767e-02
6.881720e-01
4.587814e-01
2.580645e-01
2.293907e-01
4.587814e-01
6.308244e-01
8.602151e-01
5.734767e-01
3.440860e-01
7.455197e-01
4.587814e-01
4.301075e-01
8.602151e-01
1.663082e+00
9.749104e-01
1.003584e+00
1.376344e+00
1.376344e+00
8.602151e-01
1.003584e+00
9.749104e-01
1.347670e+00
1.376344e+00
1.605735e+00
1.318996e+00
1.491039e+00
1.663082e+00
1.462366e+00
9.749104e-01
1.347670e+00
1.806452e+00
1.720430e+00
1.462366e+00
1.691756e+00
1.433692e+00
1.118280e+00
1.491039e+00
1.261649e+00
1.376344e+00
9.749104e-01
1.175627e+00
1.318996e+00
1.691756e+00
1.491039e+00
1.261649e+00
1.405018e+00
9.749104e-01
4.874552e-01
5.734767e-01
6.881720e-01
9.462366e-01
9.749104e-01
2.121864e+00
6.021505e-01
6.881720e-01
2.293907e-01
3.440860e-01
5.161290e-01
6.021505e-01
8.602151e-01
1.003584e+00
8.602151e-02
6.021505e-01
5.734767e-02
8.888889e-01
2.580645e-01
2.293907e-01
4.014337e-01
4.587814e-01
4.587814e-01
8.602151e-01
4.874552e-01
3.440860e-01
8.602151e-01
2.867384e-01
1.433692e-01
8.028674e-01
1.462366e+00
9.749104e-01
9.462366e-01
1.347670e+00
1.089606e+00
6.881720e-01
8.602151e-01
7.455197e-01
1.376344e+00
1.290323e+00
1.118280e+00
1.175627e+00
1.577061e+00
1.605735e+00
1.605735e+00
1.261649e+00
1.433692e+00
1.519713e+00
1.777778e+00
1.749104e+00
1.491039e+00
1.605735e+00
1.089606e+00
1.261649e+00
1.204301e+00
1.605735e+00
1.376344e+00
1.003584e+00
1.835125e+00
1.376344e+00
1.548387e+00
1.519713e+00
1.290323e+00
1.290323e+00
6.021505e-01
8.888889e-01
7.168459e-01
1.347670e+00
1.261649e+00
2.093190e+00
8.602151e-01
7.455197e-01
3.154122e-01
1.433692e-01
3.727599e-01
4.874552e-01
6.881720e-01
8.888889e-01
2.580645e-01
3.727599e-01
2.867384e-02
8.315412e-01
1.433692e-01
4.874552e-01
5.448029e-01
5.734767e-01
2.867384e-01
6.594982e-01
1.720430e-01
4.301075e-01
7.168459e-01
1.720430e-01
2.293907e-01
6.881720e-01
1.232975e+00
1.318996e+00
1.032258e+00
1.003584e+00
1.089606e+00
8.028674e-01
8.028674e-01
1.089606e+00
1.548387e+00
9.749104e-01
9.175627e-01
1.318996e+00
1.462366e+00
1.491039e+00
1.318996e+00
1.060932e+00
1.462366e+00
1.433692e+00
1.749104e+00
1.433692e+00
1.519713e+00
1.433692e+00
1.433692e+00
1.261649e+00
1.232975e+00
1.749104e+00
1.663082e+00
1.376344e+00
1.892473e+00
1.318996e+00
7.741935e-01
1.433692e+00
1.232975e+00
1.204301e+00
6.881720e-01
9.462366e-01
7.168459e-01
1.519713e+00
1.691756e+00
1.949821e+00
1.118280e+00
9.462366e-01
3.154122e-01
2.867384e-01
4.874552e-01
6.308244e-01
5.161290e-01
1.347670e+00
2.293907e-01
3.727599e-01
1.146953e-01
6.881720e-01
2.007168e-01
5.161290e-01
9.749104e-01
3.154122e-01
