1.403974e+00
1.615894e+00
1.430464e+00
1.483444e+00
1.165563e+00
1.986755e+00
1.271523e+00
1.615894e+00
6.357616e-01
6.357616e-01
1.086093e+00
1.298013e+00
9.536424e-01
1.589404e+00
1.562914e+00
1.642384e+00
8.476821e-01
6.092715e-01
6.092715e-01
1.033113e+00
1.271523e+00
7.947020e-01
1.139073e+00
1.165563e+00
6.887417e-01
4.238411e-01
6.357616e-01
1.589404e-01
5.562914e-01
8.211921e-01
1.006623e+00
8.211921e-01
5.298013e-01
7.947020e-01
4.238411e-01
7.417219e-01
7.947020e-02
0.000000e+00
2.913907e-01
1.854305e-01
6.887417e-01
6.092715e-01
6.887417e-01
9.536424e-01
7.682119e-01
3.708609e-01
2.119205e-01
9.006623e-01
9.006623e-01
1.086093e+00
1.509934e+00
1.271523e+00
1.430464e+00
9.536424e-01
1.695364e+00
1.086093e+00
1.165563e+00
1.986755e+00
1.430464e+00
1.271523e+00
1.536424e+00
1.086093e+00
2.092715e+00
1.298013e+00
1.483444e+00
1.748344e+00
1.324503e+00
1.377483e+00
1.006623e+00
1.695364e+00
1.562914e+00
1.801325e+00
9.006623e-01
9.006623e-01
1.324503e+00
1.350993e+00
1.271523e+00
1.615894e+00
1.827815e+00
1.562914e+00
7.682119e-01
5.033113e-01
7.682119e-01
1.350993e+00
1.086093e+00
1.165563e+00
1.006623e+00
1.403974e+00
8.741722e-01
4.503311e-01
4.503311e-01
2.913907e-01
6.622517e-01
7.417219e-01
9.801325e-01
9.536424e-01
4.503311e-01
4.768212e-01
6.092715e-01
2.913907e-01
1.854305e-01
1.854305e-01
6.357616e-01
0.000000e+00
4.768212e-01
1.006623e+00
4.503311e-01
1.165563e+00
4.768212e-01
2.913907e-01
2.119205e-01
8.211921e-01
1.086093e+00
1.139073e+00
1.483444e+00
1.006623e+00
1.271523e+00
7.152318e-01
1.298013e+00
8.741722e-01
8.211921e-01
1.536424e+00
1.403974e+00
1.377483e+00
1.801325e+00
1.192053e+00
1.748344e+00
1.298013e+00
1.456954e+00
1.880795e+00
1.483444e+00
1.456954e+00
9.271523e-01
1.509934e+00
1.298013e+00
1.642384e+00
1.165563e+00
1.086093e+00
1.536424e+00
1.536424e+00
1.377483e+00
1.801325e+00
1.483444e+00
1.642384e+00
5.827815e-01
5.827815e-01
6.092715e-01
1.324503e+00
9.801325e-01
1.350993e+00
1.589404e+00
1.139073e+00
8.476821e-01
6.622517e-01
6.092715e-01
4.768212e-01
9.536424e-01
8.211921e-01
9.536424e-01
1.218543e+00
4.768212e-01
3.178808e-01
6.357616e-01
2.119205e-01
2.913907e-01
4.238411e-01
7.947020e-01
1.854305e-01
5.562914e-01
9.536424e-01
3.443709e-01
8.476821e-01
1.589404e-01
2.649007e-01
1.059603e-01
5.562914e-01
1.112583e+00
9.271523e-01
1.059603e+00
1.033113e+00
1.403974e+00
4.238411e-01
9.006623e-01
7.947020e-01
6.622517e-01
1.350993e+00
1.536424e+00
1.324503e+00
1.668874e+00
1.006623e+00
2.145695e+00
1.536424e+00
1.271523e+00
1.748344e+00
1.456954e+00
1.245033e+00
1.536424e+00
1.271523e+00
1.695364e+00
1.456954e+00
1.324503e+00
1.615894e+00
1.403974e+00
1.403974e+00
1.086093e+00
1.880795e+00
1.695364e+00
1.695364e+00
7.682119e-01
6.622517e-01
9.271523e-01
1.430464e+00
1.006623e+00
1.403974e+00
1.350993e+00
1.483444e+00
8.741722e-01
4.503311e-01
5.033113e-01
7.682119e-01
1.112583e+00
7.947020e-01
1.298013e+00
1.245033e+00
4.768212e-01
4.238411e-01
7.152318e-01
0.000000e+00
4.238411e-01
6.092715e-01
6.887417e-01
4.503311e-01
4.503311e-01
9.006623e-01
4.238411e-01
9.006623e-01
2.649007e-02
1.324503e-01
1.854305e-01
3.708609e-01
6.092715e-01
9.006623e-01
1.033113e+00
1.006623e+00
1.192053e+00
4.503311e-01
6.357616e-01
7.947020e-01
1.086093e+00
1.059603e+00
1.350993e+00
1.456954e+00
1.377483e+00
1.059603e+00
1.721854e+00
1.218543e+00
1.298013e+00
1.615894e+00
1.509934e+00
1.324503e+00
1.562914e+00
1.112583e+00
1.589404e+00
1.854305e+00
1.456954e+00
1.801325e+00
1.298013e+00
1.589404e+00
9.536424e-01
1.668874e+00
1.642384e+00
1.562914e+00
8.476821e-01
8.476821e-01
6.092715e-01
1.589404e+00
8.211921e-01
1.377483e+00
1.536424e+00
1.774834e+00
9.006623e-01
6.887417e-01
5.562914e-01
6.357616e-01
1.509934e+00
9.006623e-01
1.165563e+00
1.112583e+00
1.086093e+00
3.708609e-01
5.033113e-01
2.913907e-01
5.827815e-01
4.238411e-01
1.271523e+00
5.827815e-01
7.152318e-01
4.503311e-01
6.092715e-01
7.682119e-01
2.119205e-01
0.000000e+00
2.649007e-01
2.649007e-02
9.271523e-01
4.503311e-01
6.357616e-01
1.139073e+00
5.827815e-01
6.357616e-01
2.119205e-01
6.092715e-01
8.741722e-01
1.165563e+00
1.139073e+00
1.192053e+00
1.854305e+00
9.006623e-01
1.430464e+00
1.377483e+00
1.139073e+00
1.324503e+00
1.298013e+00
1.192053e+00
2.092715e+00
1.245033e+00
1.456954e+00
1.430464e+00
1.589404e+00
1.721854e+00
1.403974e+00
1.350993e+00
1.112583e+00
1.165563e+00
1.880795e+00
1.774834e+00
1.059603e+00
1.086093e+00
8.741722e-01
1.748344e+00
7.947020e-01
1.748344e+00
1.403974e+00
2.039735e+00
8.476821e-01
5.827815e-01
4.768212e-01
1.112583e+00
1.324503e+00
1.192053e+00
1.192053e+00
1.324503e+00
1.245033e+00
4.503311e-01
3.973510e-01
3.178808e-01
7.947020e-01
2.649007e-01
1.298013e+00
6.357616e-01
4.503311e-01
2.913907e-01
6.622517e-01
4.238411e-01
1.854305e-01
1.854305e-01
5.562914e-01
7.947020e-02
9.006623e-01
6.357616e-01
5.827815e-01
1.192053e+00
4.238411e-01
5.562914e-01
2.119205e-01
3.973510e-01
8.741722e-01
1.298013e+00
1.165563e+00
1.192053e+00
1.350993e+00
6.622517e-01
1.112583e+00
1.218543e+00
9.006623e-01
1.165563e+00
1.245033e+00
1.456954e+00
1.854305e+00
9.006623e-01
1.801325e+00
1.907285e+00
1.483444e+00
1.801325e+00
1.509934e+00
1.271523e+00
1.350993e+00
1.139073e+00
1.324503e+00
1.774834e+00
1.430464e+00
1.298013e+00
1.139073e+00
1.907285e+00
8.741722e-01
1.695364e+00
1.589404e+00
1.695364e+00
6.887417e-01
6.622517e-01
2.913907e-01
1.245033e+00
9.801325e-01
1.509934e+00
1.456954e+00
1.324503e+00
1.059603e+00
6.622517e-01
5.562914e-01
3.708609e-01
1.165563e+00
5.562914e-01
1.112583e+00
1.059603e+00
6.622517e-01
2.913907e-01
5.298013e-01
3.443709e-01
2.913907e-01
2.119205e-01
9.271523e-01
7.947020e-02
9.271523e-01
4.238411e-01
7.417219e-01
7.682119e-01
2.119205e-01
4.238411e-01
1.059603e-01
1.854305e-01
9.536424e-01
1.086093e+00
8.476821e-01
1.165563e+00
1.350993e+00
5.827815e-01
7.947020e-01
8.741722e-01
1.006623e+00
1.059603e+00
1.271523e+00
1.192053e+00
1.827815e+00
7.947020e-01
1.589404e+00
1.589404e+00
1.536424e+00
1.589404e+00
1.298013e+00
1.218543e+00
1.668874e+00
1.192053e+00
1.483444e+00
1.695364e+00
1.324503e+00
1.721854e+00
1.192053e+00
1.642384e+00
7.682119e-01
1.748344e+00
1.854305e+00
1.854305e+00
1.033113e+00
9.006623e-01
5.562914e-01
1.430464e+00
9.536424e-01
1.430464e+00
1.324503e+00
1.403974e+00
8.741722e-01
4.503311e-01
4.503311e-01
6.357616e-01
1.271523e+00
7.947020e-01
1.218543e+00
1.350993e+00
8.741722e-01
4.238411e-01
4.503311e-01
2.649007e-01
4.238411e-01
2.119205e-01
9.801325e-01
1.589404e-01
6.357616e-01
5.033113e-01
7.947020e-01
7.152318e-01
2.119205e-01
1.589404e-01
1.854305e-01
1.854305e-01
8.211921e-01
7.417219e-01
8.476821e-01
1.430464e+00
9.536424e-01
6.887417e-01
4.768212e-01
6.622517e-01
1.086093e+00
8.476821e-01
1.324503e+00
1.192053e+00
1.960265e+00
7.417219e-01
1.509934e+00
1.271523e+00
1.298013e+00
1.668874e+00
1.801325e+00
1.403974e+00
1.298013e+00
1.271523e+00
1.562914e+00
1.562914e+00
1.403974e+00
1.536424e+00
1.721854e+00
1.456954e+00
1.112583e+00
1.801325e+00
1.536424e+00
1.403974e+00
1.218543e+00
6.887417e-01
6.622517e-01
1.324503e+00
9.801325e-01
1.377483e+00
1.403974e+00
1.748344e+00
1.139073e+00
7.152318e-01
5.033113e-01
5.827815e-01
1.377483e+00
1.059603e+00
1.033113e+00
1.059603e+00
1.112583e+00
3.708609e-01
4.238411e-01
3.178808e-01
5.033113e-01
6.092715e-01
8.476821e-01
9.271523e-01
5.827815e-01
4.238411e-01
6.357616e-01
8.211921e-01
2.913907e-01
0.000000e+00
1.854305e-01
1.059603e-01
1.112583e+00
6.092715e-01
2.913907e-01
1.324503e+00
7.947020e-01
5.033113e-01
2.913907e-01
2.649007e-01
9.006623e-01
1.059603e+00
1.245033e+00
1.324503e+00
1.456954e+00
5.562914e-01
1.112583e+00
1.218543e+00
1.245033e+00
1.192053e+00
1.721854e+00
1.218543e+00
1.721854e+00
1.377483e+00
1.536424e+00
1.165563e+00
1.642384e+00
1.774834e+00
1.483444e+00
1.403974e+00
1.192053e+00
1.350993e+00
1.668874e+00
1.483444e+00
1.086093e+00
9.271523e-01
1.006623e+00
1.403974e+00
1.112583e+00
1.721854e+00
1.430464e+00
2.066225e+00
1.324503e+00
5.562914e-01
3.973510e-01
1.086093e+00
1.218543e+00
1.271523e+00
1.112583e+00
1.086093e+00
1.218543e+00
4.238411e-01
3.973510e-01
3.178808e-01
7.152318e-01
4.768212e-01
8.476821e-01
1.006623e+00
3.973510e-01
2.649007e-01
6.092715e-01
4.768212e-01
2.649007e-01
1.854305e-01
3.708609e-01
2.649007e-01
1.139073e+00
6.622517e-01
5.033113e-01
1.192053e+00
6.357616e-01
4.238411e-01
2.913907e-01
5.298013e-02
9.536424e-01
1.006623e+00
8.211921e-01
1.350993e+00
1.403974e+00
4.768212e-01
7.682119e-01
8.741722e-01
1.218543e+00
1.192053e+00
1.509934e+00
1.403974e+00
1.748344e+00
1.006623e+00
1.748344e+00
1.403974e+00
1.509934e+00
1.721854e+00
1.721854e+00
1.483444e+00
1.139073e+00
1.324503e+00
1.271523e+00
1.483444e+00
1.430464e+00
1.112583e+00
1.298013e+00
1.430464e+00
1.324503e+00
1.854305e+00
1.430464e+00
1.748344e+00
9.801325e-01
5.033113e-01
5.033113e-01
1.112583e+00
9.271523e-01
1.483444e+00
1.350993e+00
1.298013e+00
1.245033e+00
6.357616e-01
3.973510e-01
4.768212e-01
9.801325e-01
7.152318e-01
9.536424e-01
1.139073e+00
6.622517e-01
2.119205e-01
4.768212e-01
3.973510e-01
3.708609e-01
2.119205e-01
6.357616e-01
3.708609e-01
9.536424e-01
4.768212e-01
6.357616e-01
7.682119e-01
4.238411e-01
2.913907e-01
2.119205e-01
2.649007e-02
8.476821e-01
7.417219e-01
7.152318e-01
1.456954e+00
1.245033e+00
4.768212e-01
5.827815e-01
5.562914e-01
1.298013e+00
1.033113e+00
1.403974e+00
1.139073e+00
1.642384e+00
9.536424e-01
1.642384e+00
1.218543e+00
1.377483e+00
1.562914e+00
1.615894e+00
1.350993e+00
1.403974e+00
1.377483e+00
1.377483e+00
1.615894e+00
1.536424e+00
1.403974e+00
1.483444e+00
1.509934e+00
1.218543e+00
1.695364e+00
1.536424e+00
1.721854e+00
1.218543e+00
7.947020e-01
7.947020e-01
1.059603e+00
9.006623e-01
1.615894e+00
1.350993e+00
1.298013e+00
1.165563e+00
4.503311e-01
2.649007e-01
6.622517e-01
1.139073e+00
9.536424e-01
9.271523e-01
1.483444e+00
8.476821e-01
3.973510e-01
3.708609e-01
3.973510e-01
4.238411e-01
2.119205e-01
7.417219e-01
3.973510e-01
6.622517e-01
4.768212e-01
7.152318e-01
8.476821e-01
3.443709e-01
7.947020e-02
2.119205e-01
5.298013e-02
1.006623e+00
6.357616e-01
4.768212e-01
9.536424e-01
9.536424e-01
6.622517e-01
2.119205e-01
2.913907e-01
8.476821e-01
9.801325e-01
1.271523e+00
1.218543e+00
1.615894e+00
1.271523e+00
1.139073e+00
1.589404e+00
1.350993e+00
1.377483e+00
1.907285e+00
1.430464e+00
1.139073e+00
1.377483e+00
1.589404e+00
1.695364e+00
1.615894e+00
1.509934e+00
1.721854e+00
1.324503e+00
1.112583e+00
1.509934e+00
1.933775e+00
1.245033e+00
1.403974e+00
9.006623e-01
2.384106e-01
1.509934e+00
1.059603e+00
1.006623e+00
1.483444e+00
1.801325e+00
9.801325e-01
8.476821e-01
6.622517e-01
5.827815e-01
1.245033e+00
1.112583e+00
9.801325e-01
1.059603e+00
9.006623e-01
5.562914e-01
2.649007e-01
6.357616e-01
2.913907e-01
6.092715e-01
7.682119e-01
1.086093e+00
3.708609e-01
4.503311e-01
6.887417e-01
8.211921e-01
4.238411e-01
0.000000e+00
2.649007e-02
2.649007e-01
8.741722e-01
5.298013e-01
9.006623e-01
9.536424e-01
6.622517e-01
5.562914e-01
2.119205e-01
2.119205e-01
7.947020e-01
1.112583e+00
1.165563e+00
1.350993e+00
1.324503e+00
9.271523e-01
9.271523e-01
1.271523e+00
1.165563e+00
1.033113e+00
1.695364e+00
1.271523e+00
1.456954e+00
1.695364e+00
1.430464e+00
1.430464e+00
1.801325e+00
1.695364e+00
1.642384e+00
1.112583e+00
1.245033e+00
1.245033e+00
1.827815e+00
1.430464e+00
1.350993e+00
1.139073e+00
5.562914e-01
1.695364e+00
1.059603e+00
1.245033e+00
1.615894e+00
2.092715e+00
1.271523e+00
6.887417e-01
5.827815e-01
9.536424e-01
1.245033e+00
1.165563e+00
1.139073e+00
1.006623e+00
1.006623e+00
6.092715e-01
4.238411e-01
4.503311e-01
4.503311e-01
7.152318e-01
7.152318e-01
1.033113e+00
2.119205e-01
4.503311e-01
2.649007e-01
6.887417e-01
3.973510e-01
0.000000e+00
2.649007e-01
5.562914e-01
6.092715e-01
5.562914e-01
9.006623e-01
7.417219e-01
4.503311e-01
2.119205e-01
2.119205e-01
1.059603e-01
8.211921e-01
1.006623e+00
9.801325e-01
9.801325e-01
1.245033e+00
1.059603e+00
5.033113e-01
1.059603e+00
1.192053e+00
1.059603e+00
1.350993e+00
1.536424e+00
1.509934e+00
1.483444e+00
1.456954e+00
1.642384e+00
1.748344e+00
1.403974e+00
1.933775e+00
1.403974e+00
1.218543e+00
1.165563e+00
1.536424e+00
1.245033e+00
1.483444e+00
1.509934e+00
8.211921e-01
1.695364e+00
1.165563e+00
1.483444e+00
1.801325e+00
1.668874e+00
1.139073e+00
6.357616e-01
5.562914e-01
8.476821e-01
1.245033e+00
9.801325e-01
1.324503e+00
1.430464e+00
1.059603e+00
6.357616e-01
5.827815e-01
6.092715e-01
6.092715e-01
1.086093e+00
7.947020e-01
1.165563e+00
4.238411e-01
4.503311e-01
1.059603e-01
6.622517e-01
3.973510e-01
7.947020e-02
5.033113e-01
7.152318e-01
4.238411e-01
4.503311e-01
8.476821e-01
8.476821e-01
4.768212e-01
7.947020e-02
7.947020e-02
1.854305e-01
7.947020e-01
6.622517e-01
9.006623e-01
1.059603e+00
1.192053e+00
8.741722e-01
5.033113e-01
6.357616e-01
1.059603e+00
1.112583e+00
1.271523e+00
1.298013e+00
1.430464e+00
1.377483e+00
1.218543e+00
1.562914e+00
1.589404e+00
1.430464e+00
1.642384e+00
1.245033e+00
1.324503e+00
1.483444e+00
1.509934e+00
1.456954e+00
1.456954e+00
1.615894e+00
1.430464e+00
1.536424e+00
1.059603e+00
1.218543e+00
1.986755e+00
1.801325e+00
1.403974e+00
8.741722e-01
5.562914e-01
1.192053e+00
1.139073e+00
1.218543e+00
1.403974e+00
1.245033e+00
1.112583e+00
6.622517e-01
3.708609e-01
5.827815e-01
1.006623e+00
1.086093e+00
7.417219e-01
1.483444e+00
6.357616e-01
4.503311e-01
2.119205e-01
7.152318e-01
2.119205e-01
2.119205e-01
6.887417e-01
6.622517e-01
