1.571429e+00
1.628571e+00
1.257143e+00
1.342857e+00
1.457143e+00
1.257143e+00
1.257143e+00
1.142857e+00
1.200000e+00
8.000000e-01
1.142857e+00
8.857143e-01
1.457143e+00
1.371429e+00
8.285714e-01
1.685714e+00
1.285714e+00
6.285714e-01
7.714286e-01
4.285714e-01
5.142857e-01
9.428571e-01
1.714286e+00
1.371429e+00
1.114286e+00
1.057143e+00
3.142857e-01
7.142857e-01
2.571429e-01
3.142857e-01
8.285714e-01
1.142857e+00
4.571429e-01
4.571429e-01
4.571429e-01
2.857143e-01
0.000000e+00
4.000000e-01
2.571429e-01
1.285714e+00
3.428571e-01
5.142857e-01
2.857143e-01
3.142857e-01
1.171429e+00
7.428571e-01
1.571429e+00
8.857143e-01
2.028571e+00
9.428571e-01
9.142857e-01
9.142857e-01
1.114286e+00
1.400000e+00
1.714286e+00
1.257143e+00
1.542857e+00
1.428571e+00
1.457143e+00
1.228571e+00
7.714286e-01
1.514286e+00
1.457143e+00
1.200000e+00
1.742857e+00
1.571429e+00
1.342857e+00
1.771429e+00
1.257143e+00
1.200000e+00
1.314286e+00
1.228571e+00
1.257143e+00
7.428571e-01
1.142857e+00
1.114286e+00
1.314286e+00
1.657143e+00
6.285714e-01
1.485714e+00
1.228571e+00
8.857143e-01
8.285714e-01
3.714286e-01
7.142857e-01
1.057143e+00
1.657143e+00
1.371429e+00
1.257143e+00
9.428571e-01
4.857143e-01
6.571429e-01
5.428571e-01
3.714286e-01
9.714286e-01
1.371429e+00
6.000000e-01
4.857143e-01
4.857143e-01
4.000000e-01
0.000000e+00
3.142857e-01
3.142857e-01
1.171429e+00
4.857143e-01
5.142857e-01
2.857143e-01
3.142857e-01
7.714286e-01
6.285714e-01
1.285714e+00
7.428571e-01
1.542857e+00
7.714286e-01
6.857143e-01
1.428571e-01
1.428571e+00
1.200000e+00
1.685714e+00
1.628571e+00
1.428571e+00
1.542857e+00
1.342857e+00
1.342857e+00
7.142857e-01
1.514286e+00
1.771429e+00
9.714286e-01
1.885714e+00
1.485714e+00
1.485714e+00
1.457143e+00
1.057143e+00
1.371429e+00
1.314286e+00
1.085714e+00
1.342857e+00
1.000000e+00
1.085714e+00
1.257143e+00
1.342857e+00
1.714286e+00
9.428571e-01
1.514286e+00
1.371429e+00
9.428571e-01
8.000000e-01
4.857143e-01
1.028571e+00
9.714286e-01
1.342857e+00
1.714286e+00
8.857143e-01
9.428571e-01
7.428571e-01
7.142857e-01
4.857143e-01
4.857143e-01
1.342857e+00
1.200000e+00
9.142857e-01
6.857143e-01
4.857143e-01
4.857143e-01
8.571429e-02
4.285714e-01
4.285714e-01
1.200000e+00
6.857143e-01
3.428571e-01
2.857143e-01
2.857143e-01
5.142857e-01
4.857143e-01
1.028571e+00
7.714286e-01
1.285714e+00
6.857143e-01
4.285714e-01
1.714286e-01
1.228571e+00
1.114286e+00
1.571429e+00
1.514286e+00
1.171429e+00
1.371429e+00
1.285714e+00
1.257143e+00
1.000000e+00
1.371429e+00
1.657143e+00
9.714286e-01
1.657143e+00
1.657143e+00
1.228571e+00
1.428571e+00
1.000000e+00
1.285714e+00
1.314286e+00
1.000000e+00
1.600000e+00
1.200000e+00
1.314286e+00
1.314286e+00
1.314286e+00
1.771429e+00
9.142857e-01
1.028571e+00
1.342857e+00
8.571429e-01
7.428571e-01
8.285714e-01
1.228571e+00
1.114286e+00
1.342857e+00
1.742857e+00
9.142857e-01
7.714286e-01
8.571429e-01
4.285714e-01
5.714286e-01
7.428571e-01
1.542857e+00
1.428571e+00
1.057143e+00
7.714286e-01
4.000000e-01
5.714286e-01
2.000000e-01
4.285714e-01
4.857143e-01
1.257143e+00
6.571429e-01
3.714286e-01
4.571429e-01
4.000000e-01
1.142857e-01
3.714286e-01
6.000000e-01
9.142857e-01
6.857143e-01
6.571429e-01
1.142857e-01
2.285714e-01
1.257143e+00
1.028571e+00
1.628571e+00
1.285714e+00
1.628571e+00
1.171429e+00
1.485714e+00
9.142857e-01
1.057143e+00
1.200000e+00
1.800000e+00
1.314286e+00
1.428571e+00
1.542857e+00
1.257143e+00
1.257143e+00
6.571429e-01
1.685714e+00
1.200000e+00
1.571429e+00
1.600000e+00
1.542857e+00
1.142857e+00
1.457143e+00
1.371429e+00
1.457143e+00
1.600000e+00
7.428571e-01
1.342857e+00
1.028571e+00
1.000000e+00
1.085714e+00
1.400000e+00
1.371429e+00
9.428571e-01
1.200000e+00
1.457143e+00
6.857143e-01
9.142857e-01
4.857143e-01
2.571429e-01
1.057143e+00
1.228571e+00
1.571429e+00
1.428571e+00
1.342857e+00
2.857143e-01
5.428571e-01
3.714286e-01
3.714286e-01
4.571429e-01
9.428571e-01
7.428571e-01
2.285714e-01
6.857143e-01
2.857143e-01
0.000000e+00
3.142857e-01
1.714286e-01
1.171429e+00
6.857143e-01
4.857143e-01
8.571429e-02
4.571429e-01
8.571429e-01
6.857143e-01
1.542857e+00
1.028571e+00
1.771429e+00
1.114286e+00
9.142857e-01
1.000000e+00
9.714286e-01
1.457143e+00
1.314286e+00
1.742857e+00
1.257143e+00
1.685714e+00
1.142857e+00
1.542857e+00
4.285714e-01
1.600000e+00
1.400000e+00
1.571429e+00
1.857143e+00
1.400000e+00
1.428571e+00
1.457143e+00
1.428571e+00
1.600000e+00
1.428571e+00
8.285714e-01
1.428571e+00
8.571429e-01
7.714286e-01
1.542857e+00
1.200000e+00
1.485714e+00
1.000000e+00
1.057143e+00
1.257143e+00
1.142857e+00
9.714286e-01
4.857143e-01
4.285714e-01
1.142857e+00
1.400000e+00
1.285714e+00
1.685714e+00
1.085714e+00
4.571429e-01
4.000000e-01
6.285714e-01
5.142857e-01
5.714286e-01
1.257143e+00
8.285714e-01
5.428571e-01
5.714286e-01
4.285714e-01
0.000000e+00
2.285714e-01
8.571429e-02
1.085714e+00
7.428571e-01
3.428571e-01
2.285714e-01
4.571429e-01
6.000000e-01
5.142857e-01
1.171429e+00
9.714286e-01
1.400000e+00
9.142857e-01
7.142857e-01
2.571429e-01
1.171429e+00
1.314286e+00
1.400000e+00
1.914286e+00
1.142857e+00
1.428571e+00
9.142857e-01
1.657143e+00
7.142857e-01
1.542857e+00
1.142857e+00
1.542857e+00
1.685714e+00
1.628571e+00
1.314286e+00
1.400000e+00
1.057143e+00
1.685714e+00
1.285714e+00
1.085714e+00
1.571429e+00
1.057143e+00
9.428571e-01
1.457143e+00
1.428571e+00
1.371429e+00
1.371429e+00
1.000000e+00
1.457143e+00
1.028571e+00
1.000000e+00
5.142857e-01
7.428571e-01
1.228571e+00
1.171429e+00
1.514286e+00
9.714286e-01
1.171429e+00
6.571429e-01
5.428571e-01
6.000000e-01
5.714286e-01
1.000000e+00
1.285714e+00
1.457143e+00
7.428571e-01
5.714286e-01
5.142857e-01
2.857143e-02
4.000000e-01
8.571429e-02
9.142857e-01
8.857143e-01
1.714286e-01
2.285714e-01
4.857143e-01
3.428571e-01
5.142857e-01
7.714286e-01
1.000000e+00
1.285714e+00
7.428571e-01
6.571429e-01
0.000000e+00
9.714286e-01
1.085714e+00
1.628571e+00
1.628571e+00
1.457143e+00
1.314286e+00
1.257143e+00
1.285714e+00
7.142857e-01
1.514286e+00
1.228571e+00
1.800000e+00
1.428571e+00
1.685714e+00
1.171429e+00
1.485714e+00
9.142857e-01
1.457143e+00
1.314286e+00
1.114286e+00
1.857143e+00
1.142857e+00
1.085714e+00
1.400000e+00
1.342857e+00
1.800000e+00
1.285714e+00
5.428571e-01
1.257143e+00
1.114286e+00
9.714286e-01
8.571429e-01
1.142857e+00
1.028571e+00
1.257143e+00
1.571429e+00
1.257143e+00
9.142857e-01
8.000000e-01
2.857143e-01
4.571429e-01
9.428571e-01
1.285714e+00
1.314286e+00
1.485714e+00
1.000000e+00
3.714286e-01
5.714286e-01
1.714286e-01
4.285714e-01
1.428571e-01
1.000000e+00
7.714286e-01
1.142857e-01
5.428571e-01
5.714286e-01
1.142857e-01
2.285714e-01
4.285714e-01
1.114286e+00
9.428571e-01
6.857143e-01
8.571429e-02
1.142857e-01
1.028571e+00
1.000000e+00
1.514286e+00
1.514286e+00
1.800000e+00
1.257143e+00
6.857143e-01
1.085714e+00
1.114286e+00
1.171429e+00
1.542857e+00
1.628571e+00
1.542857e+00
1.457143e+00
1.285714e+00
1.342857e+00
6.000000e-01
1.771429e+00
1.400000e+00
1.200000e+00
1.200000e+00
1.657143e+00
1.371429e+00
1.085714e+00
1.685714e+00
1.428571e+00
1.542857e+00
9.428571e-01
1.514286e+00
9.142857e-01
1.085714e+00
9.714286e-01
1.114286e+00
1.342857e+00
1.400000e+00
1.028571e+00
1.285714e+00
1.085714e+00
4.857143e-01
9.142857e-01
1.428571e-01
6.000000e-01
1.514286e+00
1.628571e+00
1.114286e+00
1.342857e+00
6.000000e-01
4.000000e-01
4.000000e-01
4.571429e-01
3.142857e-01
1.114286e+00
1.257143e+00
0.000000e+00
6.857143e-01
5.142857e-01
0.000000e+00
2.000000e-01
2.571429e-01
6.857143e-01
8.285714e-01
3.714286e-01
2.000000e-01
4.285714e-01
7.142857e-01
8.285714e-01
1.371429e+00
1.085714e+00
1.542857e+00
1.200000e+00
4.571429e-01
5.142857e-01
8.571429e-01
1.228571e+00
1.428571e+00
1.857143e+00
1.428571e+00
1.285714e+00
1.342857e+00
1.371429e+00
6.857143e-01
1.714286e+00
1.485714e+00
1.314286e+00
1.457143e+00
1.542857e+00
1.485714e+00
1.314286e+00
1.714286e+00
1.428571e+00
1.457143e+00
1.028571e+00
1.457143e+00
8.857143e-01
9.428571e-01
1.228571e+00
1.200000e+00
1.228571e+00
1.600000e+00
8.000000e-01
1.057143e+00
1.371429e+00
6.857143e-01
7.714286e-01
2.285714e-01
7.714286e-01
1.742857e+00
1.485714e+00
1.457143e+00
1.314286e+00
4.571429e-01
4.571429e-01
5.428571e-01
7.714286e-01
2.571429e-01
1.342857e+00
1.085714e+00
2.571429e-01
6.857143e-01
6.571429e-01
0.000000e+00
8.571429e-02
2.285714e-01
7.714286e-01
1.057143e+00
2.285714e-01
3.428571e-01
4.285714e-01
5.428571e-01
5.714286e-01
1.142857e+00
7.142857e-01
1.371429e+00
1.000000e+00
4.571429e-01
2.285714e-01
8.285714e-01
1.028571e+00
1.628571e+00
1.457143e+00
1.371429e+00
1.171429e+00
9.142857e-01
1.457143e+00
9.142857e-01
1.571429e+00
1.200000e+00
1.485714e+00
1.314286e+00
1.828571e+00
1.342857e+00
1.457143e+00
1.171429e+00
1.457143e+00
1.600000e+00
9.714286e-01
1.485714e+00
9.142857e-01
1.285714e+00
1.057143e+00
1.371429e+00
1.485714e+00
1.542857e+00
1.057143e+00
1.485714e+00
1.171429e+00
8.000000e-01
6.857143e-01
6.000000e-01
8.857143e-01
1.542857e+00
1.485714e+00
8.285714e-01
1.314286e+00
6.000000e-01
6.571429e-01
5.428571e-01
5.714286e-01
8.571429e-01
1.428571e+00
1.457143e+00
6.000000e-01
6.857143e-01
7.428571e-01
0.000000e+00
2.857143e-01
2.285714e-01
7.142857e-01
1.228571e+00
8.571429e-02
3.142857e-01
4.571429e-01
3.428571e-01
5.142857e-01
7.428571e-01
7.142857e-01
8.571429e-01
8.571429e-01
2.000000e-01
1.142857e-01
8.571429e-01
1.114286e+00
1.371429e+00
1.514286e+00
1.914286e+00
1.171429e+00
1.000000e+00
1.400000e+00
8.571429e-01
1.257143e+00
1.428571e+00
1.542857e+00
1.285714e+00
1.485714e+00
1.371429e+00
1.314286e+00
1.085714e+00
1.542857e+00
1.457143e+00
1.028571e+00
1.457143e+00
1.285714e+00
1.314286e+00
1.171429e+00
1.457143e+00
1.600000e+00
1.514286e+00
6.571429e-01
1.428571e+00
1.114286e+00
9.142857e-01
8.285714e-01
8.285714e-01
1.028571e+00
1.628571e+00
1.428571e+00
1.114286e+00
1.114286e+00
5.428571e-01
6.857143e-01
3.428571e-01
6.571429e-01
1.228571e+00
1.571429e+00
1.314286e+00
1.057143e+00
6.285714e-01
4.571429e-01
2.000000e-01
4.000000e-01
2.857143e-01
8.285714e-01
1.171429e+00
0.000000e+00
4.285714e-01
7.714286e-01
1.428571e-01
2.000000e-01
4.285714e-01
7.428571e-01
9.714286e-01
1.714286e-01
4.000000e-01
2.285714e-01
4.857143e-01
1.114286e+00
1.028571e+00
1.428571e+00
1.514286e+00
1.657143e+00
9.142857e-01
8.857143e-01
8.857143e-01
1.428571e+00
1.314286e+00
1.685714e+00
1.114286e+00
1.600000e+00
1.257143e+00
1.571429e+00
8.571429e-01
1.142857e+00
1.657143e+00
1.400000e+00
8.857143e-01
1.657143e+00
1.600000e+00
1.114286e+00
1.400000e+00
1.428571e+00
1.685714e+00
1.142857e+00
1.600000e+00
1.028571e+00
8.857143e-01
1.257143e+00
6.857143e-01
1.485714e+00
1.371429e+00
1.057143e+00
1.371429e+00
1.028571e+00
6.571429e-01
8.857143e-01
1.142857e-01
6.857143e-01
1.028571e+00
1.885714e+00
8.857143e-01
1.285714e+00
7.142857e-01
6.000000e-01
4.000000e-01
4.571429e-01
2.857143e-01
1.114286e+00
1.114286e+00
2.285714e-01
6.857143e-01
3.714286e-01
1.428571e-01
8.571429e-02
3.142857e-01
6.571429e-01
9.428571e-01
2.000000e-01
5.142857e-01
2.285714e-01
4.571429e-01
7.714286e-01
8.571429e-01
1.057143e+00
1.628571e+00
1.314286e+00
7.142857e-01
5.142857e-01
2.857143e-01
1.485714e+00
1.371429e+00
1.771429e+00
8.571429e-01
1.600000e+00
1.257143e+00
1.428571e+00
1.028571e+00
1.314286e+00
1.371429e+00
1.771429e+00
1.114286e+00
1.771429e+00
1.571429e+00
1.285714e+00
1.542857e+00
1.342857e+00
1.742857e+00
1.057143e+00
1.228571e+00
1.028571e+00
9.142857e-01
1.400000e+00
1.000000e+00
1.228571e+00
1.485714e+00
1.057143e+00
1.457143e+00
1.057143e+00
8.857143e-01
8.857143e-01
5.714286e-02
7.714286e-01
1.371429e+00
1.628571e+00
1.142857e+00
1.342857e+00
5.714286e-01
6.571429e-01
4.571429e-01
8.571429e-01
2.285714e-01
1.342857e+00
1.085714e+00
3.428571e-01
6.857143e-01
5.142857e-01
1.428571e-01
5.714286e-02
2.571429e-01
6.857143e-01
1.000000e+00
2.285714e-01
4.000000e-01
2.285714e-01
3.714286e-01
6.000000e-01
4.857143e-01
1.085714e+00
1.400000e+00
1.114286e+00
5.714286e-01
2.285714e-01
3.428571e-01
1.314286e+00
1.457143e+00
1.571429e+00
1.057143e+00
1.257143e+00
1.171429e+00
1.342857e+00
1.057143e+00
1.257143e+00
1.285714e+00
1.657143e+00
9.142857e-01
1.942857e+00
1.457143e+00
1.485714e+00
1.142857e+00
1.371429e+00
1.742857e+00
1.085714e+00
1.314286e+00
1.085714e+00
1.171429e+00
1.314286e+00
1.085714e+00
1.400000e+00
1.542857e+00
1.285714e+00
1.714286e+00
1.200000e+00
8.285714e-01
8.571429e-01
3.714286e-01
9.428571e-01
1.371429e+00
1.371429e+00
7.714286e-01
1.114286e+00
6.857143e-01
8.285714e-01
4.857143e-01
6.571429e-01
5.714286e-01
1.685714e+00
1.285714e+00
7.142857e-01
8.285714e-01
6.285714e-01
1.142857e-01
2.857143e-01
2.285714e-01
6.285714e-01
9.428571e-01
2.285714e-01
4.285714e-01
4.857143e-01
3.428571e-01
1.714286e-01
4.000000e-01
8.857143e-01
1.028571e+00
7.428571e-01
4.000000e-01
5.714286e-02
3.714286e-01
1.457143e+00
1.171429e+00
1.657143e+00
1.600000e+00
1.314286e+00
1.228571e+00
1.314286e+00
8.857143e-01
1.142857e+00
1.371429e+00
1.714286e+00
8.857143e-01
1.771429e+00
1.285714e+00
1.514286e+00
1.057143e+00
1.371429e+00
1.457143e+00
1.228571e+00
1.057143e+00
1.371429e+00
1.600000e+00
1.114286e+00
1.285714e+00
1.457143e+00
1.714286e+00
8.571429e-01
1.542857e+00
1.228571e+00
6.857143e-01
1.114286e+00
5.428571e-01
1.085714e+00
1.428571e+00
1.571429e+00
1.257143e+00
8.857143e-01
7.428571e-01
7.714286e-01
2.857143e-01
7.428571e-01
8.571429e-01
1.714286e+00
1.142857e+00
1.114286e+00
7.428571e-01
5.428571e-01
2.000000e-01
4.000000e-01
2.857143e-01
7.428571e-01
