4.261501e-01
6.456820e-01
1.058918e+00
1.304278e+00
1.200969e+00
1.007264e+00
1.485069e+00
1.368846e+00
1.278450e+00
7.489911e-01
7.748184e-01
1.420500e+00
1.265537e+00
7.619048e-01
7.102502e-01
1.175141e+00
1.123487e+00
1.007264e+00
6.715093e-01
6.327684e-01
8.652139e-01
7.877320e-01
9.297821e-01
1.149314e+00
7.489911e-01
1.058918e+00
8.781275e-01
1.007264e+00
1.691687e+00
1.123487e+00
7.360775e-01
1.355932e+00
9.168684e-01
8.910412e-01
5.294592e-01
1.058918e+00
1.071832e+00
1.162228e+00
1.252623e+00
1.084746e+00
1.381759e+00
9.556094e-01
1.549637e+00
8.523002e-01
4.907183e-01
1.007264e+00
8.393866e-01
1.265537e+00
8.523002e-01
1.317191e+00
6.844229e-01
1.136400e+00
1.084746e+00
1.162228e+00
8.135593e-01
1.020178e+00
1.459241e+00
9.556094e-01
7.489911e-01
5.811138e-01
9.556094e-01
1.046005e+00
8.135593e-01
6.585956e-01
7.360775e-01
5.552865e-01
1.007264e+00
1.162228e+00
1.162228e+00
1.007264e+00
1.394673e+00
1.394673e+00
1.278450e+00
6.327684e-01
8.652139e-01
1.407587e+00
1.123487e+00
8.652139e-01
1.007264e+00
1.265537e+00
8.652139e-01
1.071832e+00
5.940274e-01
9.685230e-01
8.652139e-01
8.393866e-01
6.973366e-01
1.007264e+00
9.556094e-01
1.007264e+00
6.973366e-01
9.426957e-01
1.510896e+00
9.685230e-01
9.685230e-01
1.136400e+00
9.297821e-01
1.020178e+00
8.652139e-01
1.058918e+00
1.278450e+00
1.162228e+00
1.033091e+00
1.368846e+00
1.343019e+00
1.033091e+00
1.355932e+00
6.198547e-01
7.619048e-01
1.110573e+00
1.084746e+00
1.252623e+00
9.297821e-01
1.226796e+00
8.652139e-01
1.058918e+00
6.715093e-01
1.033091e+00
6.973366e-01
1.136400e+00
1.149314e+00
1.033091e+00
6.456820e-01
7.748184e-01
1.252623e+00
1.071832e+00
6.973366e-01
5.165456e-01
9.426957e-01
5.811138e-01
1.058918e+00
8.652139e-01
9.556094e-01
9.943503e-01
1.420500e+00
1.162228e+00
9.685230e-01
6.844229e-01
8.910412e-01
1.381759e+00
1.175141e+00
9.039548e-01
1.149314e+00
1.368846e+00
1.020178e+00
9.297821e-01
6.585956e-01
1.162228e+00
1.084746e+00
7.231638e-01
5.940274e-01
1.020178e+00
1.162228e+00
1.123487e+00
6.198547e-01
7.489911e-01
1.317191e+00
7.619048e-01
9.814366e-01
1.343019e+00
7.360775e-01
9.556094e-01
8.910412e-01
1.149314e+00
1.330105e+00
1.381759e+00
8.393866e-01
1.200969e+00
1.291364e+00
8.910412e-01
1.058918e+00
5.811138e-01
9.943503e-01
1.097659e+00
1.252623e+00
1.291364e+00
1.020178e+00
1.213882e+00
1.058918e+00
1.162228e+00
4.003228e-01
8.781275e-01
6.844229e-01
1.175141e+00
1.046005e+00
1.200969e+00
6.585956e-01
9.426957e-01
1.368846e+00
1.317191e+00
6.585956e-01
5.165456e-01
1.084746e+00
7.231638e-01
1.007264e+00
6.327684e-01
8.264730e-01
9.556094e-01
1.084746e+00
9.426957e-01
5.940274e-01
6.327684e-01
9.556094e-01
1.317191e+00
1.213882e+00
1.020178e+00
1.420500e+00
1.317191e+00
1.162228e+00
1.046005e+00
6.198547e-01
1.278450e+00
1.265537e+00
5.811138e-01
5.811138e-01
1.033091e+00
1.317191e+00
1.007264e+00
7.360775e-01
6.844229e-01
1.071832e+00
8.652139e-01
8.523002e-01
1.368846e+00
6.715093e-01
8.652139e-01
8.264730e-01
9.943503e-01
1.485069e+00
1.304278e+00
8.006457e-01
1.343019e+00
1.110573e+00
8.264730e-01
6.715093e-01
8.264730e-01
9.685230e-01
1.058918e+00
1.355932e+00
1.058918e+00
1.278450e+00
1.162228e+00
1.394673e+00
1.097659e+00
4.778047e-01
8.781275e-01
5.940274e-01
1.265537e+00
9.685230e-01
1.317191e+00
6.844229e-01
1.162228e+00
1.317191e+00
1.394673e+00
8.910412e-01
7.489911e-01
1.097659e+00
1.239709e+00
7.231638e-01
8.006457e-01
7.619048e-01
9.297821e-01
9.943503e-01
6.715093e-01
6.198547e-01
4.907183e-01
8.781275e-01
1.355932e+00
1.162228e+00
1.046005e+00
1.459241e+00
1.485069e+00
1.239709e+00
1.058918e+00
4.778047e-01
1.433414e+00
1.252623e+00
9.814366e-01
7.231638e-01
9.685230e-01
9.168684e-01
1.136400e+00
6.456820e-01
8.523002e-01
6.069411e-01
8.910412e-01
7.748184e-01
1.343019e+00
8.393866e-01
9.039548e-01
8.393866e-01
1.136400e+00
1.368846e+00
1.394673e+00
8.006457e-01
1.317191e+00
7.489911e-01
1.020178e+00
5.552865e-01
1.046005e+00
1.110573e+00
1.007264e+00
1.291364e+00
1.188055e+00
1.472155e+00
9.556094e-01
1.278450e+00
1.136400e+00
5.552865e-01
8.264730e-01
7.489911e-01
1.368846e+00
8.135593e-01
1.291364e+00
8.393866e-01
9.556094e-01
1.175141e+00
1.136400e+00
1.084746e+00
7.748184e-01
9.814366e-01
1.097659e+00
7.231638e-01
8.910412e-01
1.110573e+00
9.943503e-01
9.039548e-01
4.390638e-01
6.715093e-01
5.940274e-01
8.523002e-01
1.213882e+00
1.084746e+00
1.110573e+00
1.330105e+00
1.562550e+00
1.368846e+00
8.523002e-01
4.907183e-01
1.562550e+00
1.084746e+00
9.039548e-01
1.084746e+00
1.097659e+00
7.360775e-01
1.188055e+00
5.940274e-01
1.033091e+00
6.844229e-01
9.943503e-01
6.456820e-01
1.033091e+00
8.652139e-01
1.033091e+00
6.327684e-01
1.046005e+00
1.252623e+00
1.188055e+00
9.297821e-01
1.239709e+00
8.393866e-01
1.123487e+00
7.877320e-01
1.149314e+00
1.239709e+00
1.162228e+00
1.071832e+00
1.343019e+00
1.355932e+00
9.426957e-01
1.239709e+00
9.426957e-01
6.844229e-01
9.426957e-01
9.168684e-01
1.536723e+00
9.297821e-01
1.265537e+00
9.168684e-01
8.781275e-01
8.523002e-01
9.168684e-01
9.943503e-01
8.652139e-01
9.943503e-01
1.136400e+00
7.360775e-01
1.020178e+00
1.265537e+00
1.265537e+00
9.685230e-01
3.228410e-01
6.585956e-01
7.748184e-01
8.781275e-01
1.020178e+00
8.393866e-01
9.814366e-01
1.381759e+00
1.446328e+00
1.213882e+00
7.360775e-01
6.456820e-01
1.485069e+00
1.097659e+00
9.426957e-01
1.200969e+00
1.200969e+00
9.556094e-01
1.097659e+00
5.036320e-01
1.188055e+00
1.058918e+00
9.039548e-01
5.811138e-01
9.039548e-01
9.426957e-01
1.226796e+00
6.327684e-01
8.781275e-01
1.007264e+00
1.058918e+00
7.619048e-01
1.549637e+00
6.973366e-01
9.426957e-01
8.393866e-01
1.188055e+00
1.278450e+00
1.330105e+00
1.058918e+00
1.149314e+00
1.239709e+00
9.297821e-01
9.814366e-01
7.877320e-01
8.781275e-01
1.071832e+00
1.007264e+00
1.562550e+00
1.046005e+00
1.252623e+00
1.020178e+00
1.149314e+00
5.682002e-01
6.585956e-01
9.168684e-01
9.814366e-01
9.556094e-01
1.226796e+00
7.877320e-01
1.136400e+00
1.278450e+00
1.381759e+00
1.200969e+00
5.165456e-01
7.877320e-01
9.297821e-01
8.652139e-01
8.781275e-01
6.327684e-01
8.910412e-01
1.149314e+00
1.123487e+00
8.523002e-01
5.423729e-01
8.006457e-01
1.304278e+00
1.239709e+00
9.426957e-01
1.510896e+00
1.278450e+00
1.058918e+00
1.317191e+00
4.519774e-01
1.239709e+00
1.226796e+00
9.297821e-01
4.519774e-01
8.910412e-01
1.123487e+00
1.136400e+00
6.456820e-01
9.943503e-01
7.877320e-01
9.943503e-01
7.231638e-01
1.497982e+00
6.715093e-01
8.006457e-01
8.264730e-01
1.020178e+00
1.278450e+00
1.420500e+00
9.685230e-01
1.304278e+00
9.814366e-01
8.781275e-01
6.844229e-01
8.652139e-01
9.556094e-01
9.168684e-01
1.239709e+00
1.355932e+00
1.317191e+00
1.265537e+00
1.175141e+00
1.278450e+00
5.940274e-01
7.360775e-01
6.327684e-01
1.149314e+00
1.097659e+00
1.252623e+00
8.135593e-01
9.814366e-01
1.046005e+00
1.071832e+00
1.265537e+00
5.423729e-01
9.556094e-01
1.304278e+00
9.426957e-01
7.360775e-01
5.682002e-01
9.814366e-01
9.943503e-01
7.360775e-01
8.523002e-01
4.261501e-01
7.877320e-01
1.200969e+00
1.446328e+00
9.168684e-01
1.330105e+00
1.536723e+00
1.162228e+00
1.175141e+00
6.069411e-01
1.175141e+00
1.278450e+00
1.213882e+00
7.231638e-01
8.006457e-01
1.033091e+00
1.265537e+00
6.715093e-01
8.006457e-01
5.165456e-01
9.426957e-01
6.456820e-01
1.291364e+00
8.652139e-01
8.652139e-01
9.943503e-01
1.033091e+00
1.265537e+00
1.523810e+00
8.135593e-01
1.239709e+00
8.006457e-01
1.084746e+00
6.327684e-01
9.426957e-01
1.058918e+00
1.033091e+00
1.162228e+00
1.252623e+00
1.330105e+00
1.265537e+00
1.058918e+00
1.343019e+00
5.811138e-01
7.489911e-01
7.877320e-01
1.226796e+00
1.175141e+00
1.265537e+00
8.135593e-01
9.943503e-01
8.523002e-01
8.135593e-01
1.071832e+00
6.327684e-01
9.426957e-01
1.097659e+00
9.039548e-01
7.877320e-01
8.781275e-01
1.110573e+00
1.071832e+00
3.486683e-01
9.039548e-01
5.811138e-01
8.523002e-01
1.033091e+00
1.265537e+00
1.007264e+00
1.175141e+00
1.601291e+00
1.291364e+00
1.033091e+00
4.519774e-01
1.355932e+00
1.226796e+00
1.020178e+00
9.943503e-01
1.071832e+00
8.393866e-01
1.162228e+00
7.619048e-01
8.781275e-01
6.844229e-01
1.007264e+00
6.198547e-01
9.556094e-01
7.748184e-01
1.123487e+00
7.748184e-01
9.039548e-01
1.149314e+00
1.368846e+00
7.877320e-01
1.304278e+00
1.020178e+00
1.071832e+00
8.264730e-01
1.123487e+00
1.136400e+00
1.252623e+00
9.814366e-01
1.304278e+00
1.149314e+00
1.304278e+00
1.123487e+00
1.136400e+00
5.682002e-01
8.523002e-01
1.020178e+00
1.407587e+00
1.071832e+00
1.433414e+00
8.523002e-01
1.213882e+00
7.102502e-01
5.423729e-01
9.685230e-01
8.006457e-01
1.058918e+00
1.097659e+00
8.264730e-01
9.943503e-01
1.058918e+00
1.291364e+00
1.213882e+00
1.678773e-01
8.781275e-01
7.360775e-01
9.556094e-01
9.556094e-01
8.652139e-01
9.685230e-01
1.123487e+00
1.497982e+00
1.226796e+00
7.877320e-01
5.811138e-01
1.213882e+00
1.381759e+00
9.168684e-01
1.188055e+00
1.226796e+00
9.426957e-01
1.175141e+00
6.844229e-01
9.685230e-01
9.943503e-01
1.136400e+00
5.036320e-01
7.877320e-01
9.814366e-01
1.330105e+00
7.877320e-01
8.393866e-01
8.393866e-01
1.188055e+00
6.069411e-01
1.485069e+00
8.393866e-01
8.910412e-01
8.135593e-01
1.071832e+00
1.278450e+00
1.368846e+00
1.110573e+00
1.110573e+00
1.097659e+00
1.188055e+00
1.007264e+00
9.556094e-01
6.327684e-01
1.020178e+00
1.007264e+00
1.549637e+00
1.291364e+00
1.497982e+00
9.943503e-01
1.433414e+00
6.198547e-01
7.102502e-01
6.973366e-01
9.039548e-01
1.123487e+00
1.123487e+00
8.523002e-01
1.110573e+00
1.175141e+00
1.291364e+00
1.446328e+00
3.615819e-01
8.652139e-01
9.814366e-01
9.426957e-01
8.652139e-01
5.423729e-01
9.297821e-01
9.556094e-01
1.175141e+00
9.426957e-01
4.907183e-01
7.619048e-01
1.046005e+00
1.562550e+00
8.006457e-01
1.446328e+00
1.420500e+00
9.685230e-01
1.459241e+00
6.198547e-01
1.007264e+00
1.175141e+00
1.175141e+00
4.132365e-01
7.489911e-01
1.239709e+00
1.239709e+00
7.360775e-01
9.814366e-01
6.069411e-01
1.149314e+00
6.069411e-01
1.343019e+00
7.877320e-01
7.489911e-01
9.168684e-01
8.781275e-01
1.226796e+00
1.459241e+00
1.071832e+00
1.200969e+00
8.781275e-01
1.097659e+00
6.844229e-01
8.910412e-01
8.523002e-01
9.168684e-01
1.084746e+00
1.472155e+00
1.304278e+00
1.381759e+00
9.814366e-01
1.446328e+00
6.844229e-01
6.198547e-01
8.781275e-01
1.046005e+00
1.162228e+00
1.046005e+00
1.071832e+00
8.135593e-01
1.188055e+00
9.814366e-01
1.239709e+00
5.682002e-01
7.877320e-01
1.510896e+00
8.910412e-01
7.619048e-01
4.261501e-01
1.097659e+00
1.007264e+00
7.360775e-01
1.071832e+00
4.003228e-01
9.168684e-01
9.814366e-01
1.433414e+00
9.039548e-01
1.200969e+00
1.588378e+00
1.265537e+00
1.239709e+00
6.198547e-01
1.033091e+00
1.291364e+00
1.226796e+00
6.715093e-01
7.877320e-01
1.123487e+00
1.265537e+00
7.877320e-01
8.135593e-01
4.648910e-01
9.943503e-01
6.715093e-01
1.046005e+00
1.188055e+00
7.360775e-01
1.136400e+00
8.652139e-01
1.123487e+00
1.640032e+00
9.039548e-01
1.007264e+00
8.781275e-01
1.175141e+00
5.552865e-01
6.844229e-01
1.136400e+00
1.175141e+00
1.007264e+00
1.355932e+00
1.175141e+00
1.394673e+00
1.058918e+00
1.239709e+00
5.294592e-01
8.006457e-01
1.033091e+00
1.330105e+00
1.278450e+00
1.110573e+00
9.426957e-01
9.814366e-01
1.033091e+00
6.844229e-01
1.046005e+00
5.423729e-01
6.973366e-01
1.252623e+00
9.685230e-01
6.973366e-01
6.973366e-01
1.291364e+00
1.110573e+00
4.261501e-01
1.175141e+00
6.715093e-01
7.877320e-01
8.910412e-01
1.265537e+00
9.814366e-01
1.071832e+00
1.575464e+00
1.304278e+00
1.149314e+00
6.198547e-01
1.046005e+00
1.355932e+00
9.685230e-01
9.426957e-01
1.058918e+00
9.556094e-01
1.058918e+00
8.652139e-01
8.652139e-01
6.844229e-01
1.033091e+00
6.198547e-01
8.264730e-01
1.020178e+00
9.943503e-01
9.556094e-01
7.489911e-01
1.033091e+00
1.485069e+00
8.006457e-01
1.149314e+00
1.175141e+00
1.123487e+00
7.619048e-01
9.297821e-01
1.149314e+00
1.394673e+00
9.556094e-01
1.226796e+00
1.123487e+00
1.368846e+00
8.264730e-01
1.033091e+00
5.423729e-01
1.071832e+00
1.007264e+00
1.485069e+00
1.200969e+00
1.213882e+00
1.046005e+00
1.136400e+00
9.685230e-01
5.165456e-01
8.264730e-01
6.844229e-01
7.877320e-01
1.188055e+00
9.556094e-01
8.135593e-01
9.814366e-01
1.317191e+00
1.343019e+00
3.228410e-01
1.046005e+00
9.168684e-01
7.748184e-01
9.297821e-01
8.523002e-01
8.910412e-01
1.071832e+00
1.497982e+00
1.252623e+00
8.523002e-01
8.135593e-01
9.297821e-01
1.446328e+00
9.556094e-01
1.020178e+00
1.252623e+00
1.123487e+00
1.123487e+00
7.102502e-01
9.556094e-01
9.297821e-01
1.188055e+00
5.294592e-01
6.327684e-01
1.149314e+00
1.265537e+00
9.943503e-01
6.844229e-01
7.489911e-01
1.355932e+00
5.682002e-01
1.291364e+00
1.097659e+00
8.264730e-01
8.393866e-01
9.168684e-01
1.278450e+00
1.343019e+00
1.213882e+00
9.685230e-01
8.781275e-01
1.226796e+00
5.940274e-01
7.619048e-01
8.393866e-01
1.071832e+00
9.685230e-01
1.536723e+00
1.330105e+00
1.420500e+00
1.071832e+00
1.420500e+00
8.523002e-01
6.327684e-01
7.102502e-01
7.102502e-01
9.943503e-01
1.084746e+00
1.058918e+00
8.910412e-01
1.213882e+00
1.239709e+00
1.497982e+00
5.036320e-01
8.910412e-01
1.162228e+00
8.135593e-01
9.039548e-01
5.036320e-01
8.910412e-01
9.426957e-01
1.149314e+00
1.084746e+00
5.036320e-01
9.168684e-01
8.523002e-01
1.446328e+00
9.168684e-01
1.265537e+00
1.485069e+00
1.110573e+00
1.355932e+00
7.102502e-01
9.426957e-01
1.162228e+00
1.226796e+00
3.615819e-01
6.973366e-01
1.343019e+00
1.317191e+00
8.523002e-01
8.781275e-01
5.423729e-01
1.252623e+00
6.715093e-01
1.046005e+00
1.149314e+00
6.844229e-01
9.426957e-01
7.489911e-01
1.188055e+00
1.407587e+00
1.162228e+00
1.007264e+00
