1.699634e+00
1.670330e+00
1.523810e+00
1.084249e+00
1.904762e+00
1.201465e+00
1.142857e+00
1.553114e+00
1.230769e+00
1.611722e+00
1.699634e+00
1.553114e+00
1.728938e+00
1.670330e+00
1.318681e+00
1.582418e+00
7.619048e-01
1.142857e+00
4.688645e-01
1.054945e+00
4.688645e-01
6.153846e-01
2.344322e-01
1.260073e+00
0.000000e+00
8.791209e-01
2.930403e-02
5.274725e-01
0.000000e+00
5.860806e-01
2.344322e-01
0.000000e+00
1.465201e-01
3.809524e-01
3.223443e-01
9.963370e-01
2.344322e-01
7.032967e-01
5.274725e-01
4.688645e-01
2.930403e-01
1.054945e+00
1.641026e+00
1.260073e+00
3.223443e-01
8.791209e-01
2.637363e-01
6.446886e-01
1.289377e+00
1.465201e+00
1.641026e+00
1.406593e+00
1.523810e+00
5.567766e-01
1.230769e+00
1.553114e+00
1.699634e+00
1.465201e+00
1.435897e+00
9.084249e-01
1.435897e+00
1.406593e+00
1.201465e+00
1.201465e+00
1.699634e+00
1.260073e+00
1.699634e+00
9.670330e-01
1.934066e+00
1.670330e+00
1.553114e+00
1.641026e+00
1.054945e+00
1.904762e+00
1.523810e+00
1.758242e+00
1.435897e+00
1.142857e+00
1.172161e+00
1.553114e+00
1.113553e+00
1.611722e+00
8.791209e-01
1.172161e+00
9.084249e-01
1.172161e+00
4.688645e-01
1.201465e+00
2.051282e-01
4.688645e-01
2.930403e-02
4.688645e-01
2.051282e-01
2.344322e-01
0.000000e+00
3.223443e-01
1.465201e-01
4.981685e-01
1.465201e-01
1.113553e+00
2.344322e-01
9.670330e-01
6.739927e-01
3.223443e-01
0.000000e+00
1.025641e+00
1.758242e+00
9.084249e-01
2.637363e-01
5.860806e-01
2.930403e-01
5.860806e-01
1.054945e+00
1.758242e+00
1.289377e+00
1.230769e+00
1.172161e+00
5.860806e-01
8.205128e-01
1.699634e+00
1.846154e+00
1.142857e+00
1.435897e+00
1.172161e+00
1.465201e+00
1.260073e+00
1.172161e+00
9.377289e-01
1.699634e+00
1.201465e+00
1.641026e+00
7.326007e-01
1.641026e+00
1.260073e+00
1.465201e+00
1.435897e+00
1.289377e+00
1.641026e+00
1.670330e+00
1.728938e+00
1.963370e+00
1.260073e+00
9.377289e-01
1.494505e+00
1.113553e+00
1.816850e+00
1.230769e+00
1.230769e+00
9.963370e-01
1.523810e+00
9.084249e-01
1.406593e+00
3.516484e-01
7.912088e-01
0.000000e+00
5.567766e-01
2.344322e-01
1.758242e-01
5.860806e-02
7.032967e-01
2.930403e-02
4.688645e-01
2.930403e-02
8.498168e-01
2.344322e-01
1.025641e+00
6.739927e-01
3.223443e-01
1.172161e-01
9.084249e-01
1.201465e+00
1.142857e+00
2.637363e-01
4.981685e-01
2.930403e-01
1.465201e-01
8.791209e-01
1.699634e+00
1.553114e+00
1.054945e+00
7.032967e-01
4.688645e-01
5.860806e-01
1.699634e+00
1.641026e+00
1.142857e+00
1.435897e+00
1.494505e+00
1.582418e+00
1.406593e+00
1.230769e+00
1.054945e+00
1.582418e+00
1.230769e+00
1.758242e+00
8.791209e-01
1.758242e+00
1.465201e+00
1.142857e+00
1.523810e+00
1.641026e+00
1.494505e+00
1.465201e+00
1.465201e+00
1.787546e+00
1.347985e+00
1.553114e+00
1.435897e+00
1.230769e+00
1.963370e+00
1.494505e+00
1.523810e+00
1.406593e+00
1.465201e+00
7.326007e-01
1.699634e+00
5.274725e-01
8.498168e-01
2.051282e-01
7.326007e-01
2.344322e-01
2.344322e-01
2.344322e-01
7.619048e-01
0.000000e+00
8.498168e-01
2.930403e-02
5.567766e-01
1.758242e-01
9.670330e-01
2.344322e-01
0.000000e+00
1.465201e-01
4.981685e-01
7.032967e-01
1.201465e+00
1.758242e-01
4.688645e-01
7.326007e-01
4.688645e-01
4.395604e-01
1.377289e+00
1.758242e+00
1.377289e+00
4.102564e-01
7.326007e-01
2.344322e-01
1.142857e+00
1.553114e+00
1.406593e+00
1.347985e+00
1.054945e+00
1.670330e+00
9.377289e-01
1.289377e+00
1.230769e+00
1.289377e+00
1.435897e+00
1.670330e+00
1.113553e+00
1.113553e+00
1.787546e+00
1.113553e+00
1.230769e+00
1.758242e+00
1.582418e+00
1.816850e+00
1.142857e+00
1.435897e+00
1.347985e+00
1.318681e+00
1.377289e+00
1.377289e+00
1.230769e+00
1.787546e+00
1.816850e+00
1.406593e+00
1.816850e+00
1.523810e+00
1.435897e+00
9.377289e-01
1.054945e+00
6.153846e-01
9.377289e-01
5.274725e-01
5.567766e-01
2.344322e-01
1.142857e+00
0.000000e+00
4.395604e-01
4.688645e-01
5.274725e-01
0.000000e+00
5.860806e-01
0.000000e+00
2.344322e-01
2.344322e-01
1.758242e-01
5.274725e-01
8.791209e-01
1.465201e-01
8.791209e-01
4.688645e-01
4.688645e-01
2.930403e-01
6.153846e-01
1.728938e+00
1.318681e+00
6.153846e-01
8.498168e-01
2.344322e-01
7.032967e-01
1.435897e+00
1.289377e+00
1.758242e+00
1.377289e+00
1.523810e+00
5.860806e-01
1.201465e+00
1.494505e+00
1.406593e+00
1.347985e+00
1.377289e+00
1.435897e+00
1.289377e+00
1.435897e+00
1.230769e+00
9.084249e-01
1.787546e+00
1.084249e+00
2.051282e+00
8.498168e-01
1.553114e+00
1.816850e+00
1.758242e+00
1.523810e+00
1.260073e+00
1.377289e+00
1.787546e+00
1.904762e+00
1.201465e+00
1.435897e+00
1.054945e+00
1.523810e+00
1.113553e+00
1.494505e+00
9.963370e-01
1.260073e+00
9.084249e-01
9.377289e-01
7.032967e-01
1.113553e+00
2.637363e-01
3.223443e-01
2.637363e-01
4.688645e-01
5.860806e-02
3.809524e-01
0.000000e+00
1.758242e-01
2.344322e-01
2.344322e-01
4.102564e-01
9.963370e-01
1.465201e-01
1.142857e+00
4.688645e-01
4.688645e-01
0.000000e+00
6.446886e-01
1.787546e+00
1.142857e+00
3.809524e-01
5.567766e-01
2.344322e-01
6.739927e-01
1.260073e+00
1.318681e+00
1.699634e+00
1.054945e+00
1.230769e+00
7.032967e-01
6.446886e-01
1.699634e+00
1.347985e+00
1.172161e+00
1.465201e+00
1.582418e+00
1.377289e+00
1.611722e+00
1.406593e+00
1.025641e+00
1.553114e+00
1.172161e+00
1.816850e+00
8.498168e-01
1.377289e+00
1.465201e+00
1.465201e+00
1.377289e+00
1.582418e+00
1.260073e+00
1.816850e+00
1.787546e+00
1.641026e+00
1.670330e+00
8.498168e-01
1.377289e+00
1.113553e+00
1.494505e+00
1.465201e+00
1.347985e+00
9.084249e-01
1.172161e+00
1.377289e+00
1.347985e+00
4.395604e-01
7.326007e-01
2.051282e-01
5.567766e-01
8.791209e-02
3.223443e-01
0.000000e+00
5.274725e-01
1.172161e-01
2.344322e-01
2.637363e-01
7.326007e-01
1.465201e-01
1.201465e+00
4.688645e-01
4.688645e-01
1.172161e-01
4.688645e-01
1.523810e+00
1.142857e+00
3.809524e-01
4.688645e-01
2.344322e-01
2.344322e-01
1.054945e+00
1.289377e+00
1.816850e+00
1.113553e+00
8.498168e-01
4.981685e-01
2.930403e-01
1.728938e+00
1.465201e+00
1.201465e+00
1.582418e+00
1.054945e+00
1.435897e+00
1.172161e+00
1.406593e+00
1.172161e+00
1.347985e+00
1.435897e+00
1.787546e+00
1.054945e+00
1.494505e+00
1.728938e+00
1.172161e+00
1.318681e+00
1.758242e+00
1.230769e+00
1.611722e+00
1.699634e+00
1.406593e+00
1.523810e+00
1.435897e+00
1.523810e+00
1.377289e+00
1.553114e+00
1.787546e+00
1.494505e+00
1.289377e+00
1.523810e+00
1.142857e+00
1.347985e+00
5.860806e-01
7.912088e-01
3.516484e-01
7.326007e-01
1.758242e-01
1.465201e-01
2.344322e-01
7.619048e-01
0.000000e+00
4.102564e-01
4.688645e-01
5.274725e-01
5.860806e-02
1.113553e+00
0.000000e+00
2.344322e-01
2.344322e-01
2.930403e-01
8.498168e-01
1.142857e+00
2.344322e-01
4.688645e-01
7.032967e-01
4.688645e-01
5.567766e-01
9.084249e-01
1.934066e+00
1.406593e+00
6.739927e-01
7.326007e-01
0.000000e+00
1.260073e+00
1.699634e+00
1.142857e+00
1.728938e+00
1.230769e+00
1.582418e+00
7.619048e-01
1.025641e+00
1.494505e+00
1.142857e+00
1.553114e+00
1.787546e+00
9.670330e-01
1.230769e+00
1.611722e+00
1.260073e+00
1.201465e+00
1.553114e+00
1.641026e+00
1.699634e+00
1.465201e+00
1.465201e+00
1.289377e+00
1.201465e+00
1.465201e+00
1.670330e+00
1.230769e+00
1.699634e+00
1.934066e+00
1.406593e+00
1.611722e+00
1.582418e+00
1.260073e+00
6.739927e-01
1.142857e+00
6.739927e-01
1.025641e+00
3.516484e-01
6.446886e-01
4.395604e-01
1.054945e+00
0.000000e+00
4.102564e-01
4.981685e-01
4.688645e-01
5.860806e-02
4.688645e-01
1.172161e-01
2.344322e-01
4.102564e-01
1.758242e-01
5.274725e-01
7.912088e-01
2.051282e-01
7.619048e-01
5.860806e-01
3.223443e-01
5.274725e-01
3.223443e-01
1.611722e+00
1.699634e+00
7.032967e-01
8.498168e-01
2.344322e-01
4.102564e-01
1.787546e+00
1.025641e+00
1.758242e+00
1.025641e+00
1.201465e+00
9.963370e-01
5.274725e-01
1.289377e+00
1.172161e+00
1.377289e+00
1.406593e+00
1.230769e+00
1.494505e+00
1.377289e+00
1.318681e+00
1.054945e+00
1.582418e+00
1.523810e+00
1.875458e+00
1.260073e+00
1.347985e+00
1.523810e+00
1.641026e+00
1.670330e+00
1.523810e+00
1.201465e+00
1.846154e+00
1.992674e+00
1.289377e+00
1.406593e+00
9.377289e-01
1.347985e+00
9.377289e-01
1.494505e+00
9.670330e-01
1.347985e+00
8.791209e-01
7.912088e-01
1.084249e+00
1.025641e+00
1.465201e-01
4.102564e-01
2.930403e-01
3.516484e-01
1.172161e-01
4.395604e-01
0.000000e+00
1.758242e-01
4.102564e-01
2.344322e-01
4.102564e-01
9.084249e-01
2.051282e-01
9.084249e-01
7.032967e-01
3.223443e-01
1.172161e-01
3.516484e-01
1.670330e+00
1.465201e+00
4.688645e-01
5.567766e-01
2.344322e-01
5.567766e-01
1.494505e+00
9.377289e-01
1.758242e+00
1.347985e+00
8.791209e-01
7.032967e-01
2.344322e-01
1.289377e+00
1.289377e+00
1.201465e+00
1.523810e+00
1.260073e+00
1.758242e+00
1.406593e+00
1.435897e+00
1.113553e+00
1.523810e+00
1.465201e+00
1.582418e+00
1.260073e+00
9.377289e-01
1.406593e+00
1.582418e+00
1.318681e+00
1.318681e+00
1.230769e+00
1.904762e+00
1.934066e+00
1.699634e+00
1.641026e+00
7.032967e-01
1.553114e+00
1.230769e+00
1.611722e+00
1.318681e+00
1.406593e+00
9.377289e-01
9.963370e-01
1.553114e+00
1.172161e+00
4.102564e-01
7.032967e-01
3.516484e-01
4.395604e-01
1.172161e-01
4.102564e-01
0.000000e+00
4.395604e-01
2.930403e-01
2.344322e-01
2.637363e-01
6.446886e-01
2.051282e-01
9.670330e-01
7.032967e-01
3.223443e-01
1.172161e-01
2.344322e-01
1.523810e+00
1.289377e+00
4.688645e-01
4.688645e-01
2.344322e-01
2.344322e-01
9.377289e-01
4.688645e-01
1.904762e+00
1.641026e+00
9.670330e-01
7.326007e-01
0.000000e+00
8.205128e-01
1.435897e+00
1.172161e+00
1.699634e+00
9.377289e-01
1.347985e+00
1.172161e+00
1.406593e+00
1.318681e+00
1.347985e+00
1.641026e+00
1.582418e+00
1.084249e+00
1.318681e+00
1.787546e+00
1.230769e+00
1.347985e+00
1.494505e+00
1.494505e+00
1.641026e+00
1.846154e+00
1.582418e+00
1.347985e+00
1.230769e+00
1.553114e+00
1.494505e+00
1.523810e+00
1.699634e+00
1.641026e+00
1.201465e+00
1.377289e+00
1.406593e+00
1.172161e+00
5.567766e-01
6.739927e-01
4.688645e-01
7.326007e-01
2.051282e-01
2.344322e-01
2.344322e-01
6.739927e-01
0.000000e+00
4.102564e-01
4.688645e-01
5.274725e-01
2.930403e-02
8.791209e-01
2.637363e-01
2.344322e-01
4.102564e-01
2.344322e-01
7.619048e-01
1.172161e+00
3.516484e-01
4.688645e-01
6.739927e-01
3.223443e-01
6.446886e-01
2.930403e-01
1.230769e+00
1.816850e+00
9.670330e-01
7.326007e-01
5.567766e-01
1.172161e-01
1.553114e+00
1.582418e+00
1.201465e+00
1.728938e+00
1.494505e+00
9.377289e-01
9.670330e-01
1.201465e+00
9.963370e-01
1.494505e+00
1.553114e+00
1.377289e+00
1.142857e+00
1.406593e+00
1.465201e+00
1.318681e+00
1.787546e+00
1.582418e+00
1.582418e+00
1.670330e+00
1.025641e+00
1.787546e+00
1.172161e+00
1.172161e+00
1.435897e+00
1.230769e+00
1.582418e+00
1.816850e+00
1.582418e+00
1.611722e+00
1.728938e+00
1.406593e+00
1.289377e+00
9.377289e-01
8.791209e-01
5.274725e-01
8.498168e-01
5.567766e-01
5.274725e-01
4.395604e-01
0.000000e+00
2.051282e-01
7.032967e-01
2.930403e-01
2.344322e-01
2.637363e-01
3.223443e-01
2.344322e-01
4.688645e-01
5.860806e-02
3.516484e-01
4.395604e-01
8.498168e-01
6.739927e-01
4.395604e-01
4.981685e-01
3.809524e-01
5.860806e-02
1.230769e+00
1.670330e+00
7.912088e-01
3.516484e-01
6.446886e-01
2.930403e-01
1.699634e+00
1.347985e+00
1.377289e+00
1.465201e+00
1.201465e+00
1.025641e+00
4.688645e-01
1.025641e+00
8.791209e-01
1.553114e+00
1.347985e+00
1.318681e+00
1.347985e+00
1.465201e+00
1.347985e+00
1.172161e+00
1.816850e+00
1.553114e+00
1.230769e+00
1.904762e+00
9.084249e-01
1.816850e+00
1.758242e+00
1.435897e+00
1.347985e+00
1.142857e+00
1.816850e+00
1.846154e+00
1.582418e+00
1.289377e+00
1.289377e+00
1.230769e+00
1.377289e+00
1.289377e+00
1.318681e+00
8.791209e-01
1.172161e+00
8.791209e-01
9.963370e-01
6.153846e-01
2.051282e-01
2.051282e-01
4.981685e-01
2.344322e-01
2.344322e-01
4.395604e-01
0.000000e+00
1.172161e-01
4.688645e-01
2.344322e-01
2.637363e-01
3.516484e-01
9.084249e-01
7.032967e-01
6.739927e-01
4.981685e-01
1.172161e-01
5.860806e-02
8.791209e-01
1.465201e+00
9.084249e-01
2.930403e-01
6.153846e-01
2.344322e-01
1.553114e+00
1.142857e+00
1.435897e+00
1.699634e+00
1.054945e+00
6.739927e-01
2.344322e-01
8.498168e-01
1.113553e+00
1.553114e+00
1.260073e+00
1.347985e+00
1.611722e+00
1.553114e+00
1.435897e+00
1.113553e+00
1.611722e+00
1.260073e+00
1.377289e+00
1.758242e+00
5.567766e-01
1.523810e+00
1.670330e+00
1.318681e+00
1.289377e+00
1.465201e+00
1.699634e+00
1.816850e+00
1.728938e+00
1.816850e+00
1.054945e+00
1.113553e+00
1.523810e+00
1.201465e+00
1.582418e+00
1.260073e+00
1.201465e+00
9.377289e-01
1.494505e+00
1.025641e+00
6.153846e-01
4.688645e-01
5.860806e-01
8.791209e-02
4.688645e-01
4.102564e-01
0.000000e+00
2.344322e-01
3.516484e-01
2.344322e-01
2.637363e-01
2.344322e-01
6.153846e-01
7.619048e-01
6.739927e-01
4.981685e-01
4.688645e-01
5.860806e-02
4.688645e-01
8.791209e-01
1.025641e+00
3.516484e-01
6.446886e-01
4.981685e-01
1.054945e+00
4.688645e-01
1.465201e+00
2.021978e+00
1.084249e+00
6.446886e-01
2.051282e-01
5.274725e-01
1.289377e+00
1.641026e+00
1.318681e+00
1.260073e+00
1.142857e+00
1.435897e+00
1.377289e+00
1.025641e+00
1.347985e+00
1.553114e+00
1.230769e+00
1.728938e+00
1.113553e+00
1.641026e+00
1.465201e+00
1.260073e+00
1.699634e+00
1.465201e+00
1.582418e+00
1.494505e+00
1.611722e+00
1.641026e+00
1.347985e+00
1.347985e+00
1.494505e+00
1.347985e+00
1.846154e+00
1.787546e+00
1.172161e+00
1.347985e+00
1.435897e+00
1.084249e+00
8.205128e-01
6.153846e-01
5.274725e-01
2.051282e-01
7.326007e-01
2.344322e-01
2.344322e-01
4.102564e-01
0.000000e+00
2.344322e-01
6.446886e-01
2.930403e-01
2.637363e-01
6.739927e-01
4.688645e-01
2.344322e-01
