1.283276e+00
1.010239e+00
1.337884e+00
1.064846e+00
8.191126e-01
7.372014e-01
1.665529e+00
1.720137e+00
6.006826e-01
1.010239e+00
1.337884e+00
1.092150e+00
1.146758e+00
1.064846e+00
1.037543e+00
5.187713e-01
5.460751e-01
9.556314e-01
9.829352e-01
6.279863e-01
7.372014e-01
1.638225e+00
1.310580e+00
1.337884e+00
1.119454e+00
9.556314e-01
4.368601e-01
2.184300e-01
9.283276e-01
1.310580e+00
1.064846e+00
7.918089e-01
9.283276e-01
5.187713e-01
9.829352e-01
9.010239e-01
3.276451e-01
9.283276e-01
8.464164e-01
1.501706e+00
1.174061e+00
1.037543e+00
1.201365e+00
5.733788e-01
2.184300e-01
6.279863e-01
1.146758e+00
1.228669e+00
1.529010e+00
9.283276e-01
1.119454e+00
4.914676e-01
1.064846e+00
9.829352e-01
1.010239e+00
1.283276e+00
1.337884e+00
1.365188e+00
1.310580e+00
7.645051e-01
4.368601e-01
7.645051e-01
1.174061e+00
1.883959e+00
1.255973e+00
1.255973e+00
1.310580e+00
1.201365e+00
6.279863e-01
6.825939e-01
1.829352e+00
1.883959e+00
6.552901e-01
9.283276e-01
1.529010e+00
8.737201e-01
1.010239e+00
1.010239e+00
1.092150e+00
6.552901e-01
6.006826e-01
1.064846e+00
1.037543e+00
9.556314e-01
1.037543e+00
1.283276e+00
9.556314e-01
1.228669e+00
9.556314e-01
8.191126e-01
4.641638e-01
3.003413e-01
5.187713e-01
1.638225e+00
1.365188e+00
7.645051e-01
1.146758e+00
6.552901e-01
7.098976e-01
8.464164e-01
7.918089e-01
9.829352e-01
9.010239e-01
1.474403e+00
1.119454e+00
9.829352e-01
1.365188e+00
4.368601e-01
2.184300e-01
6.279863e-01
9.010239e-01
1.228669e+00
1.392491e+00
9.010239e-01
1.092150e+00
6.279863e-01
8.464164e-01
9.556314e-01
1.146758e+00
1.283276e+00
1.392491e+00
1.174061e+00
1.201365e+00
4.914676e-01
6.279863e-01
8.737201e-01
1.064846e+00
1.747440e+00
1.392491e+00
1.665529e+00
1.501706e+00
1.119454e+00
5.733788e-01
4.641638e-01
1.856655e+00
1.747440e+00
7.918089e-01
5.460751e-01
1.638225e+00
1.010239e+00
7.918089e-01
8.464164e-01
1.119454e+00
1.064846e+00
4.368601e-01
1.119454e+00
1.092150e+00
8.191126e-01
1.037543e+00
1.310580e+00
1.010239e+00
1.146758e+00
1.092150e+00
9.283276e-01
5.460751e-01
4.641638e-01
5.460751e-01
1.829352e+00
1.337884e+00
8.464164e-01
7.372014e-01
7.372014e-01
5.460751e-01
7.372014e-01
8.737201e-01
9.556314e-01
1.174061e+00
1.337884e+00
1.228669e+00
9.283276e-01
1.228669e+00
5.187713e-01
3.276451e-01
8.464164e-01
7.645051e-01
1.201365e+00
1.228669e+00
1.146758e+00
1.146758e+00
3.822526e-01
6.006826e-01
5.460751e-01
1.255973e+00
1.392491e+00
1.610922e+00
7.098976e-01
1.010239e+00
6.825939e-01
9.283276e-01
1.255973e+00
7.372014e-01
1.529010e+00
1.556314e+00
1.556314e+00
1.365188e+00
8.737201e-01
2.457338e-01
4.641638e-01
1.774744e+00
1.720137e+00
1.092150e+00
6.552901e-01
1.474403e+00
9.829352e-01
8.464164e-01
9.283276e-01
1.283276e+00
1.610922e+00
4.368601e-01
1.337884e+00
1.392491e+00
1.119454e+00
1.201365e+00
1.092150e+00
1.119454e+00
7.372014e-01
1.010239e+00
6.825939e-01
7.098976e-01
3.549488e-01
5.187713e-01
1.856655e+00
1.146758e+00
1.310580e+00
9.010239e-01
8.464164e-01
3.822526e-01
6.279863e-01
9.556314e-01
9.829352e-01
1.092150e+00
8.737201e-01
1.037543e+00
7.098976e-01
1.119454e+00
5.187713e-01
2.184300e-01
7.645051e-01
9.010239e-01
1.283276e+00
1.337884e+00
9.829352e-01
1.228669e+00
6.006826e-01
4.368601e-01
8.464164e-01
7.918089e-01
1.529010e+00
1.146758e+00
1.010239e+00
1.037543e+00
6.552901e-01
1.255973e+00
1.119454e+00
1.146758e+00
1.201365e+00
1.447099e+00
1.283276e+00
1.337884e+00
1.174061e+00
2.730375e-01
6.825939e-01
1.228669e+00
1.610922e+00
1.501706e+00
9.556314e-01
1.228669e+00
1.310580e+00
9.283276e-01
5.733788e-01
1.092150e+00
2.047782e+00
5.733788e-01
8.191126e-01
1.174061e+00
8.191126e-01
1.556314e+00
8.737201e-01
1.283276e+00
7.098976e-01
5.733788e-01
1.092150e+00
7.918089e-01
5.460751e-01
1.010239e+00
1.419795e+00
1.392491e+00
1.310580e+00
9.556314e-01
1.146758e+00
4.368601e-01
2.184300e-01
8.737201e-01
9.283276e-01
1.119454e+00
1.146758e+00
1.174061e+00
6.006826e-01
8.191126e-01
9.556314e-01
4.641638e-01
8.464164e-01
7.372014e-01
1.337884e+00
1.146758e+00
9.283276e-01
1.255973e+00
7.098976e-01
3.003413e-01
5.187713e-01
7.918089e-01
1.556314e+00
1.556314e+00
1.174061e+00
1.146758e+00
6.552901e-01
6.279863e-01
1.201365e+00
9.010239e-01
1.146758e+00
1.665529e+00
1.119454e+00
1.419795e+00
7.098976e-01
4.914676e-01
7.098976e-01
1.092150e+00
1.365188e+00
1.419795e+00
1.255973e+00
1.119454e+00
1.529010e+00
7.098976e-01
6.552901e-01
1.337884e+00
2.020478e+00
6.279863e-01
7.645051e-01
1.228669e+00
9.283276e-01
1.365188e+00
7.372014e-01
1.064846e+00
1.037543e+00
6.825939e-01
1.119454e+00
8.737201e-01
7.372014e-01
1.310580e+00
1.119454e+00
1.255973e+00
1.064846e+00
7.372014e-01
1.037543e+00
4.641638e-01
2.184300e-01
5.733788e-01
1.146758e+00
1.474403e+00
1.174061e+00
1.310580e+00
7.918089e-01
7.098976e-01
6.825939e-01
8.737201e-01
9.829352e-01
6.825939e-01
1.474403e+00
1.119454e+00
9.010239e-01
1.228669e+00
7.645051e-01
3.003413e-01
4.368601e-01
8.191126e-01
1.310580e+00
1.365188e+00
1.010239e+00
1.146758e+00
8.191126e-01
4.095563e-01
1.255973e+00
8.191126e-01
1.419795e+00
1.610922e+00
9.283276e-01
1.092150e+00
7.918089e-01
5.187713e-01
1.419795e+00
8.737201e-01
1.228669e+00
1.501706e+00
1.501706e+00
1.474403e+00
1.501706e+00
6.552901e-01
4.641638e-01
1.146758e+00
2.075085e+00
9.829352e-01
5.733788e-01
1.174061e+00
1.174061e+00
1.064846e+00
5.733788e-01
1.174061e+00
1.092150e+00
6.006826e-01
9.010239e-01
1.146758e+00
6.006826e-01
1.228669e+00
1.228669e+00
1.146758e+00
1.119454e+00
8.191126e-01
1.201365e+00
4.368601e-01
3.276451e-01
7.645051e-01
1.228669e+00
1.692833e+00
1.119454e+00
9.829352e-01
7.918089e-01
5.187713e-01
7.372014e-01
7.372014e-01
1.037543e+00
7.372014e-01
1.556314e+00
1.146758e+00
9.829352e-01
1.064846e+00
7.645051e-01
5.460751e-01
5.460751e-01
8.737201e-01
1.119454e+00
1.283276e+00
1.119454e+00
1.283276e+00
4.914676e-01
5.187713e-01
5.460751e-01
9.010239e-01
1.556314e+00
1.501706e+00
7.918089e-01
1.447099e+00
6.552901e-01
8.191126e-01
1.283276e+00
1.092150e+00
9.829352e-01
1.529010e+00
1.610922e+00
1.337884e+00
1.228669e+00
3.003413e-01
4.368601e-01
1.283276e+00
1.829352e+00
1.310580e+00
6.825939e-01
1.037543e+00
1.447099e+00
8.737201e-01
6.825939e-01
1.119454e+00
1.720137e+00
4.095563e-01
1.119454e+00
1.310580e+00
7.098976e-01
1.665529e+00
1.010239e+00
1.283276e+00
9.283276e-01
1.010239e+00
8.737201e-01
6.006826e-01
2.457338e-01
7.372014e-01
1.392491e+00
1.392491e+00
1.337884e+00
7.645051e-01
1.010239e+00
3.549488e-01
6.279863e-01
8.191126e-01
9.283276e-01
9.556314e-01
1.201365e+00
1.174061e+00
8.191126e-01
9.829352e-01
6.552901e-01
4.368601e-01
5.733788e-01
7.098976e-01
1.201365e+00
1.228669e+00
1.092150e+00
1.119454e+00
8.191126e-01
3.822526e-01
7.372014e-01
7.098976e-01
1.665529e+00
1.392491e+00
1.392491e+00
9.556314e-01
7.372014e-01
6.006826e-01
1.228669e+00
8.737201e-01
1.228669e+00
1.665529e+00
1.174061e+00
1.501706e+00
1.255973e+00
4.095563e-01
5.460751e-01
1.174061e+00
1.310580e+00
1.583618e+00
6.552901e-01
1.474403e+00
1.092150e+00
9.556314e-01
7.098976e-01
1.201365e+00
1.965870e+00
4.641638e-01
8.737201e-01
9.829352e-01
1.092150e+00
1.146758e+00
1.119454e+00
1.228669e+00
9.010239e-01
4.914676e-01
9.010239e-01
1.064846e+00
6.279863e-01
9.283276e-01
8.464164e-01
1.720137e+00
1.556314e+00
9.010239e-01
1.310580e+00
5.733788e-01
0.000000e+00
1.037543e+00
9.829352e-01
8.464164e-01
1.174061e+00
1.665529e+00
4.641638e-01
6.552901e-01
1.064846e+00
6.552901e-01
7.098976e-01
8.191126e-01
9.010239e-01
1.365188e+00
7.372014e-01
1.010239e+00
1.146758e+00
4.095563e-01
4.095563e-01
3.822526e-01
1.747440e+00
1.174061e+00
1.119454e+00
1.064846e+00
9.556314e-01
3.822526e-01
1.255973e+00
7.372014e-01
1.556314e+00
1.774744e+00
1.174061e+00
1.337884e+00
1.010239e+00
4.368601e-01
6.006826e-01
9.829352e-01
1.255973e+00
1.747440e+00
8.737201e-01
1.474403e+00
1.201365e+00
9.829352e-01
6.279863e-01
1.447099e+00
1.692833e+00
4.641638e-01
7.098976e-01
1.146758e+00
1.092150e+00
1.092150e+00
9.556314e-01
1.010239e+00
1.283276e+00
5.733788e-01
9.556314e-01
1.064846e+00
8.737201e-01
1.037543e+00
1.037543e+00
1.283276e+00
1.337884e+00
9.010239e-01
9.829352e-01
6.279863e-01
0.000000e+00
7.372014e-01
9.010239e-01
1.529010e+00
1.146758e+00
1.638225e+00
9.010239e-01
4.914676e-01
7.918089e-01
1.064846e+00
8.737201e-01
7.098976e-01
1.037543e+00
1.255973e+00
7.918089e-01
1.010239e+00
1.092150e+00
4.095563e-01
3.003413e-01
5.460751e-01
1.474403e+00
1.392491e+00
8.737201e-01
1.255973e+00
8.464164e-01
3.822526e-01
6.552901e-01
6.006826e-01
1.692833e+00
1.529010e+00
1.392491e+00
7.372014e-01
1.010239e+00
6.006826e-01
1.201365e+00
9.010239e-01
1.092150e+00
1.829352e+00
9.010239e-01
2.020478e+00
1.255973e+00
9.283276e-01
3.822526e-01
1.255973e+00
1.747440e+00
8.191126e-01
5.460751e-01
1.064846e+00
1.283276e+00
7.918089e-01
9.010239e-01
1.037543e+00
1.365188e+00
5.733788e-01
8.191126e-01
1.174061e+00
7.372014e-01
1.010239e+00
1.037543e+00
1.447099e+00
1.174061e+00
8.191126e-01
1.146758e+00
6.825939e-01
2.184300e-01
7.645051e-01
1.037543e+00
1.529010e+00
1.392491e+00
1.228669e+00
8.737201e-01
4.095563e-01
6.552901e-01
1.037543e+00
9.556314e-01
7.372014e-01
1.201365e+00
1.337884e+00
9.556314e-01
8.737201e-01
1.010239e+00
6.279863e-01
3.822526e-01
7.372014e-01
1.119454e+00
1.283276e+00
9.829352e-01
9.556314e-01
1.201365e+00
4.914676e-01
6.552901e-01
4.641638e-01
1.720137e+00
1.447099e+00
9.829352e-01
1.092150e+00
8.737201e-01
7.372014e-01
1.337884e+00
1.037543e+00
1.064846e+00
1.774744e+00
1.283276e+00
1.774744e+00
1.119454e+00
5.733788e-01
2.730375e-01
1.174061e+00
1.583618e+00
1.310580e+00
5.187713e-01
1.255973e+00
1.228669e+00
8.191126e-01
7.372014e-01
1.228669e+00
1.774744e+00
4.368601e-01
9.829352e-01
1.174061e+00
1.010239e+00
1.283276e+00
1.174061e+00
1.337884e+00
1.037543e+00
9.010239e-01
9.556314e-01
7.918089e-01
2.730375e-01
6.279863e-01
9.829352e-01
1.529010e+00
1.529010e+00
8.737201e-01
1.119454e+00
3.822526e-01
3.276451e-01
1.174061e+00
9.010239e-01
8.737201e-01
1.010239e+00
1.501706e+00
6.825939e-01
7.918089e-01
9.829352e-01
4.368601e-01
4.914676e-01
6.006826e-01
1.064846e+00
1.610922e+00
8.464164e-01
1.064846e+00
1.174061e+00
3.822526e-01
1.911263e-01
6.279863e-01
1.310580e+00
1.583618e+00
1.119454e+00
1.255973e+00
9.010239e-01
4.914676e-01
1.092150e+00
1.092150e+00
8.737201e-01
1.610922e+00
1.283276e+00
1.392491e+00
1.501706e+00
4.641638e-01
3.549488e-01
1.037543e+00
1.392491e+00
1.802048e+00
8.737201e-01
1.310580e+00
1.146758e+00
1.064846e+00
9.556314e-01
7.918089e-01
1.692833e+00
3.276451e-01
7.645051e-01
1.174061e+00
9.829352e-01
1.092150e+00
1.228669e+00
1.310580e+00
9.283276e-01
9.556314e-01
8.464164e-01
8.737201e-01
9.556314e-01
8.191126e-01
6.552901e-01
1.774744e+00
1.255973e+00
6.825939e-01
1.283276e+00
8.191126e-01
8.191126e-02
5.187713e-01
1.119454e+00
9.829352e-01
1.337884e+00
1.392491e+00
8.464164e-01
3.549488e-01
1.174061e+00
7.372014e-01
4.368601e-01
8.191126e-01
1.174061e+00
1.419795e+00
8.191126e-01
8.464164e-01
1.419795e+00
3.003413e-01
1.911263e-01
6.279863e-01
1.255973e+00
1.556314e+00
1.010239e+00
1.174061e+00
1.037543e+00
5.187713e-01
8.191126e-01
9.829352e-01
1.146758e+00
1.638225e+00
1.337884e+00
1.365188e+00
1.146758e+00
3.276451e-01
4.914676e-01
1.119454e+00
1.146758e+00
1.911263e+00
9.283276e-01
1.392491e+00
1.337884e+00
1.092150e+00
8.464164e-01
8.464164e-01
1.692833e+00
3.822526e-01
6.279863e-01
1.365188e+00
1.010239e+00
8.464164e-01
1.119454e+00
1.255973e+00
1.146758e+00
9.283276e-01
9.010239e-01
8.737201e-01
1.037543e+00
1.119454e+00
8.737201e-01
1.337884e+00
1.092150e+00
7.645051e-01
1.037543e+00
7.372014e-01
2.457338e-01
3.549488e-01
1.010239e+00
1.365188e+00
1.310580e+00
1.365188e+00
1.201365e+00
4.914676e-01
6.825939e-01
1.010239e+00
6.825939e-01
9.010239e-01
1.174061e+00
1.255973e+00
1.255973e+00
6.825939e-01
1.337884e+00
4.095563e-01
3.276451e-01
7.918089e-01
9.829352e-01
1.720137e+00
7.098976e-01
1.337884e+00
1.037543e+00
4.641638e-01
4.641638e-01
6.279863e-01
1.337884e+00
1.529010e+00
1.365188e+00
9.010239e-01
9.556314e-01
5.187713e-01
8.737201e-01
1.392491e+00
9.283276e-01
1.692833e+00
1.201365e+00
1.911263e+00
1.501706e+00
9.010239e-01
6.006826e-01
7.098976e-01
1.802048e+00
9.283276e-01
6.552901e-01
9.283276e-01
1.228669e+00
9.283276e-01
9.829352e-01
1.010239e+00
1.146758e+00
9.010239e-01
5.733788e-01
1.174061e+00
9.010239e-01
9.556314e-01
9.829352e-01
1.474403e+00
1.010239e+00
7.372014e-01
1.228669e+00
7.645051e-01
4.641638e-01
5.187713e-01
9.010239e-01
1.665529e+00
1.310580e+00
1.201365e+00
8.737201e-01
5.460751e-01
4.914676e-01
8.737201e-01
9.010239e-01
7.645051e-01
1.447099e+00
1.283276e+00
1.037543e+00
5.187713e-01
1.146758e+00
4.641638e-01
2.730375e-01
6.552901e-01
1.174061e+00
1.802048e+00
9.556314e-01
1.010239e+00
1.283276e+00
4.641638e-01
4.368601e-01
7.372014e-01
1.064846e+00
1.365188e+00
7.645051e-01
1.365188e+00
9.829352e-01
6.279863e-01
1.064846e+00
1.392491e+00
1.010239e+00
1.583618e+00
1.501706e+00
1.610922e+00
1.392491e+00
6.552901e-01
2.730375e-01
7.645051e-01
1.774744e+00
1.556314e+00
7.372014e-01
1.119454e+00
1.092150e+00
8.737201e-01
1.037543e+00
1.064846e+00
1.392491e+00
5.187713e-01
7.372014e-01
1.228669e+00
1.201365e+00
1.283276e+00
1.119454e+00
1.310580e+00
1.037543e+00
1.119454e+00
9.556314e-01
7.918089e-01
5.460751e-01
4.095563e-01
8.464164e-01
1.665529e+00
1.255973e+00
7.372014e-01
1.174061e+00
6.006826e-01
2.730375e-01
7.918089e-01
9.829352e-01
8.464164e-01
1.255973e+00
