1.867596e+00
1.254355e+00
1.700348e+00
1.421603e+00
1.923345e+00
1.756098e+00
1.142857e+00
1.505226e+00
1.114983e+00
1.310105e+00
1.142857e+00
1.756098e+00
1.533101e+00
1.533101e+00
1.477352e+00
1.310105e+00
5.853659e-01
4.738676e-01
6.689895e-01
9.756098e-01
1.198606e+00
1.811847e+00
1.254355e+00
1.226481e+00
3.066202e-01
1.951220e-01
6.411150e-01
6.968641e-01
3.902439e-01
2.508711e-01
2.508711e-01
6.132404e-01
1.951220e-01
6.689895e-01
8.362369e-02
7.526132e-01
2.787456e-01
0.000000e+00
2.229965e-01
0.000000e+00
1.142857e+00
1.142857e+00
2.229965e-01
6.968641e-01
5.017422e-01
4.459930e-01
9.477352e-01
7.804878e-01
1.616725e+00
1.310105e+00
7.804878e-01
5.853659e-01
1.477352e+00
8.083624e-01
1.449477e+00
1.170732e+00
1.923345e+00
1.198606e+00
1.449477e+00
1.114983e+00
1.421603e+00
1.170732e+00
1.783972e+00
1.365854e+00
1.700348e+00
1.198606e+00
1.783972e+00
1.365854e+00
1.979094e+00
1.226481e+00
1.560976e+00
1.560976e+00
1.728223e+00
1.226481e+00
1.505226e+00
1.811847e+00
1.198606e+00
1.310105e+00
1.393728e+00
1.477352e+00
4.181185e-01
6.968641e-01
6.689895e-01
1.226481e+00
1.533101e+00
1.867596e+00
1.059233e+00
1.310105e+00
5.296167e-01
2.229965e-01
4.738676e-01
6.132404e-01
7.247387e-01
1.003484e+00
6.968641e-01
7.804878e-01
0.000000e+00
4.459930e-01
2.508711e-01
6.689895e-01
2.229965e-01
0.000000e+00
2.229965e-01
0.000000e+00
1.142857e+00
8.641115e-01
0.000000e+00
4.459930e-01
2.229965e-01
4.459930e-01
5.296167e-01
2.508711e-01
1.588850e+00
1.588850e+00
7.804878e-01
1.003484e+00
1.365854e+00
5.853659e-01
1.533101e+00
1.449477e+00
1.644599e+00
1.310105e+00
1.226481e+00
8.641115e-01
1.477352e+00
1.337979e+00
1.533101e+00
1.142857e+00
2.174216e+00
1.226481e+00
1.867596e+00
1.337979e+00
1.867596e+00
1.477352e+00
1.337979e+00
1.365854e+00
1.644599e+00
1.198606e+00
1.616725e+00
1.867596e+00
1.533101e+00
1.170732e+00
1.477352e+00
1.756098e+00
7.804878e-01
1.031359e+00
9.198606e-01
1.282230e+00
1.365854e+00
1.923345e+00
1.365854e+00
1.003484e+00
3.623693e-01
2.787456e-01
4.459930e-01
8.919861e-01
1.114983e+00
1.282230e+00
7.526132e-01
1.198606e+00
1.951220e-01
2.229965e-01
3.344948e-01
6.689895e-01
1.114983e-01
0.000000e+00
2.229965e-01
2.787456e-02
7.804878e-01
6.689895e-01
8.362369e-02
2.229965e-01
3.344948e-01
4.459930e-01
2.787456e-01
1.951220e-01
1.393728e+00
1.449477e+00
5.853659e-01
1.003484e+00
8.641115e-01
3.623693e-01
1.365854e+00
1.059233e+00
1.421603e+00
1.477352e+00
8.362369e-01
7.247387e-01
1.533101e+00
1.114983e+00
1.728223e+00
1.365854e+00
1.895470e+00
1.254355e+00
1.895470e+00
1.114983e+00
1.421603e+00
1.254355e+00
1.783972e+00
1.337979e+00
1.839721e+00
1.059233e+00
1.588850e+00
1.616725e+00
1.783972e+00
1.505226e+00
8.641115e-01
1.756098e+00
1.031359e+00
1.310105e+00
9.198606e-01
1.588850e+00
1.142857e+00
1.728223e+00
1.588850e+00
1.282230e+00
3.902439e-01
4.459930e-01
6.968641e-01
1.254355e+00
1.365854e+00
1.505226e+00
1.170732e+00
9.477352e-01
2.229965e-01
1.672474e-01
3.902439e-01
5.017422e-01
1.951220e-01
2.229965e-01
2.229965e-01
4.459930e-01
4.459930e-01
7.247387e-01
8.362369e-02
4.181185e-01
4.459930e-01
3.902439e-01
1.672474e-01
1.393728e-01
1.310105e+00
1.198606e+00
4.459930e-01
8.362369e-01
4.738676e-01
2.229965e-01
1.226481e+00
1.003484e+00
1.616725e+00
1.393728e+00
6.689895e-01
6.689895e-01
1.895470e+00
9.477352e-01
1.505226e+00
1.059233e+00
1.951220e+00
1.477352e+00
1.337979e+00
1.198606e+00
1.003484e+00
1.477352e+00
1.560976e+00
1.421603e+00
1.756098e+00
1.310105e+00
1.700348e+00
1.616725e+00
1.895470e+00
1.672474e+00
1.114983e+00
1.505226e+00
1.421603e+00
1.421603e+00
8.919861e-01
1.560976e+00
1.672474e+00
1.700348e+00
1.365854e+00
1.142857e+00
1.087108e+00
3.066202e-01
6.132404e-01
1.003484e+00
1.310105e+00
1.393728e+00
1.505226e+00
9.756098e-01
5.296167e-01
1.951220e-01
4.459930e-01
8.919861e-01
1.114983e-01
5.296167e-01
5.574913e-02
5.853659e-01
1.951220e-01
4.181185e-01
2.508711e-01
6.689895e-01
2.508711e-01
1.951220e-01
2.229965e-01
0.000000e+00
1.365854e+00
1.142857e+00
4.181185e-01
5.853659e-01
3.344948e-01
7.247387e-01
6.411150e-01
6.689895e-01
1.616725e+00
1.170732e+00
9.756098e-01
6.968641e-01
1.170732e+00
1.087108e+00
1.310105e+00
1.170732e+00
1.588850e+00
1.310105e+00
1.198606e+00
1.003484e+00
1.142857e+00
1.421603e+00
1.505226e+00
1.365854e+00
1.756098e+00
1.421603e+00
1.728223e+00
1.449477e+00
1.979094e+00
1.254355e+00
1.505226e+00
1.282230e+00
1.811847e+00
1.254355e+00
1.310105e+00
1.839721e+00
1.282230e+00
1.588850e+00
1.170732e+00
1.393728e+00
9.477352e-01
5.296167e-01
6.132404e-01
1.142857e+00
1.588850e+00
1.700348e+00
1.087108e+00
1.170732e+00
8.641115e-01
2.229965e-01
4.181185e-01
6.689895e-01
3.902439e-01
1.003484e+00
8.083624e-01
6.689895e-01
0.000000e+00
2.508711e-01
2.229965e-01
7.247387e-01
2.229965e-01
1.672474e-01
2.229965e-01
0.000000e+00
1.198606e+00
9.477352e-01
1.114983e-01
4.459930e-01
1.114983e-01
5.574913e-01
4.738676e-01
5.574913e-02
1.756098e+00
1.505226e+00
1.031359e+00
9.477352e-01
1.031359e+00
1.087108e+00
1.003484e+00
1.533101e+00
1.365854e+00
1.477352e+00
8.362369e-01
8.641115e-01
1.170732e+00
1.226481e+00
1.477352e+00
1.783972e+00
2.006969e+00
1.616725e+00
1.616725e+00
1.560976e+00
1.588850e+00
1.783972e+00
1.310105e+00
1.170732e+00
1.923345e+00
1.282230e+00
1.560976e+00
1.700348e+00
1.644599e+00
1.421603e+00
1.198606e+00
1.533101e+00
1.087108e+00
7.526132e-01
7.804878e-01
1.282230e+00
1.533101e+00
1.728223e+00
1.393728e+00
1.114983e+00
9.198606e-01
2.229965e-01
4.459930e-01
9.477352e-01
7.804878e-01
1.254355e+00
8.919861e-01
8.641115e-01
1.951220e-01
1.951220e-01
2.229965e-01
6.411150e-01
2.229965e-01
5.574913e-02
2.229965e-01
2.787456e-02
9.198606e-01
5.017422e-01
2.229965e-01
3.066202e-01
1.114983e-01
6.689895e-01
2.787456e-01
0.000000e+00
1.505226e+00
1.393728e+00
9.477352e-01
9.198606e-01
6.968641e-01
6.411150e-01
1.003484e+00
9.756098e-01
1.560976e+00
1.226481e+00
9.198606e-01
7.526132e-01
1.505226e+00
1.310105e+00
1.226481e+00
1.254355e+00
1.811847e+00
1.533101e+00
1.672474e+00
1.365854e+00
1.087108e+00
1.365854e+00
1.700348e+00
1.421603e+00
2.006969e+00
1.142857e+00
1.449477e+00
1.783972e+00
1.839721e+00
1.533101e+00
8.641115e-01
1.393728e+00
1.365854e+00
1.254355e+00
8.919861e-01
1.254355e+00
1.198606e+00
1.867596e+00
1.477352e+00
1.282230e+00
8.362369e-01
2.787456e-01
5.853659e-01
1.337979e+00
1.393728e+00
1.198606e+00
1.254355e+00
8.919861e-01
4.181185e-01
1.672474e-01
2.508711e-01
5.296167e-01
1.393728e-01
3.902439e-01
2.229965e-01
2.508711e-01
5.853659e-01
4.738676e-01
2.508711e-01
4.459930e-01
2.229965e-01
6.689895e-01
1.672474e-01
0.000000e+00
1.337979e+00
1.365854e+00
6.132404e-01
7.526132e-01
3.623693e-01
4.459930e-01
8.641115e-01
9.756098e-01
1.644599e+00
1.226481e+00
1.114983e+00
5.853659e-01
1.059233e+00
1.226481e+00
1.254355e+00
1.087108e+00
1.728223e+00
1.533101e+00
1.449477e+00
1.114983e+00
1.170732e+00
1.365854e+00
1.616725e+00
1.449477e+00
1.170732e+00
1.449477e+00
1.811847e+00
1.616725e+00
1.728223e+00
1.839721e+00
1.449477e+00
1.505226e+00
1.588850e+00
1.114983e+00
1.087108e+00
1.477352e+00
1.672474e+00
1.421603e+00
1.700348e+00
1.114983e+00
1.393728e+00
8.362369e-02
8.641115e-01
8.362369e-01
1.031359e+00
1.477352e+00
1.449477e+00
1.059233e+00
6.411150e-01
2.787456e-01
4.738676e-01
9.477352e-01
1.114983e-01
6.411150e-01
2.787456e-02
2.229965e-01
1.672474e-01
5.574913e-02
6.411150e-01
5.853659e-01
2.508711e-01
2.787456e-01
1.672474e-01
5.574913e-02
1.087108e+00
1.282230e+00
6.968641e-01
2.787456e-01
5.574913e-01
7.526132e-01
8.362369e-02
1.142857e+00
1.672474e+00
1.533101e+00
1.254355e+00
6.689895e-01
1.282230e+00
1.114983e+00
8.919861e-01
1.477352e+00
1.337979e+00
1.477352e+00
1.282230e+00
9.198606e-01
1.087108e+00
1.421603e+00
1.533101e+00
1.477352e+00
1.616725e+00
1.226481e+00
2.062718e+00
1.254355e+00
1.811847e+00
1.588850e+00
1.616725e+00
1.198606e+00
1.560976e+00
1.533101e+00
1.087108e+00
2.006969e+00
1.393728e+00
1.142857e+00
1.505226e+00
1.421603e+00
1.282230e+00
8.362369e-02
1.059233e+00
9.477352e-01
1.198606e+00
1.923345e+00
1.170732e+00
1.114983e+00
1.003484e+00
3.066202e-01
4.738676e-01
7.804878e-01
3.066202e-01
1.003484e+00
7.804878e-01
3.902439e-01
0.000000e+00
0.000000e+00
4.738676e-01
5.574913e-01
3.344948e-01
2.229965e-01
1.672474e-01
5.574913e-02
9.477352e-01
8.641115e-01
4.459930e-01
3.066202e-01
1.672474e-01
5.853659e-01
8.362369e-02
5.017422e-01
1.310105e+00
1.365854e+00
1.198606e+00
6.411150e-01
9.198606e-01
6.968641e-01
6.689895e-01
1.282230e+00
1.560976e+00
1.393728e+00
1.003484e+00
5.853659e-01
1.198606e+00
1.421603e+00
1.310105e+00
1.728223e+00
1.560976e+00
1.672474e+00
1.923345e+00
1.421603e+00
1.728223e+00
1.588850e+00
1.644599e+00
1.114983e+00
1.477352e+00
1.505226e+00
1.421603e+00
1.839721e+00
1.644599e+00
1.393728e+00
1.505226e+00
1.477352e+00
1.505226e+00
2.787456e-01
1.226481e+00
1.114983e+00
1.226481e+00
1.644599e+00
1.560976e+00
1.114983e+00
1.282230e+00
1.114983e-01
5.017422e-01
1.059233e+00
5.017422e-01
1.449477e+00
8.083624e-01
6.132404e-01
2.787456e-02
1.951220e-01
4.181185e-01
4.738676e-01
3.344948e-01
1.114983e-01
1.672474e-01
5.574913e-02
6.968641e-01
5.017422e-01
4.459930e-01
3.066202e-01
2.787456e-02
6.968641e-01
8.362369e-02
2.508711e-01
1.337979e+00
1.198606e+00
8.083624e-01
5.853659e-01
6.968641e-01
3.902439e-01
3.066202e-01
1.393728e+00
1.477352e+00
1.310105e+00
1.282230e+00
4.181185e-01
1.198606e+00
1.616725e+00
1.365854e+00
1.087108e+00
1.616725e+00
1.421603e+00
1.839721e+00
1.198606e+00
1.533101e+00
1.142857e+00
1.700348e+00
1.505226e+00
1.505226e+00
1.560976e+00
1.337979e+00
1.951220e+00
1.505226e+00
1.616725e+00
1.282230e+00
1.254355e+00
1.616725e+00
7.804878e-01
1.254355e+00
1.087108e+00
1.310105e+00
1.616725e+00
1.588850e+00
1.337979e+00
1.059233e+00
8.362369e-02
6.968641e-01
1.393728e+00
9.756098e-01
1.449477e+00
1.254355e+00
8.641115e-01
4.459930e-01
2.229965e-01
4.181185e-01
3.623693e-01
2.787456e-01
4.181185e-01
1.672474e-01
5.574913e-02
3.623693e-01
4.459930e-01
5.017422e-01
4.459930e-01
8.362369e-02
7.526132e-01
8.362369e-02
1.393728e-01
8.641115e-01
1.533101e+00
6.689895e-01
3.623693e-01
6.689895e-01
6.132404e-01
2.229965e-01
9.477352e-01
1.421603e+00
1.337979e+00
1.365854e+00
6.132404e-01
1.003484e+00
1.114983e+00
1.142857e+00
1.198606e+00
1.644599e+00
1.867596e+00
1.449477e+00
1.003484e+00
1.059233e+00
1.616725e+00
1.393728e+00
1.393728e+00
1.365854e+00
1.616725e+00
1.616725e+00
1.588850e+00
1.672474e+00
1.895470e+00
1.477352e+00
1.337979e+00
1.588850e+00
1.310105e+00
9.756098e-01
1.337979e+00
1.728223e+00
1.477352e+00
1.477352e+00
1.282230e+00
1.337979e+00
2.508711e-01
8.641115e-01
5.853659e-01
1.170732e+00
1.393728e+00
1.337979e+00
1.254355e+00
6.411150e-01
2.787456e-01
4.181185e-01
7.247387e-01
3.902439e-01
4.181185e-01
2.229965e-01
2.508711e-01
1.672474e-01
5.574913e-02
6.411150e-01
4.181185e-01
4.181185e-01
2.787456e-01
5.574913e-02
1.672474e-01
5.017422e-01
1.170732e+00
5.853659e-01
1.393728e-01
3.066202e-01
4.459930e-01
2.229965e-01
5.296167e-01
1.700348e+00
1.588850e+00
1.365854e+00
8.083624e-01
1.282230e+00
1.003484e+00
8.641115e-01
1.282230e+00
1.337979e+00
1.616725e+00
1.449477e+00
6.689895e-01
1.142857e+00
1.560976e+00
1.421603e+00
1.337979e+00
1.672474e+00
1.393728e+00
1.672474e+00
1.588850e+00
1.533101e+00
1.923345e+00
1.198606e+00
1.393728e+00
1.616725e+00
1.895470e+00
9.756098e-01
1.783972e+00
1.477352e+00
1.282230e+00
1.310105e+00
1.310105e+00
1.310105e+00
1.672474e-01
1.059233e+00
6.132404e-01
1.505226e+00
1.533101e+00
1.337979e+00
1.254355e+00
8.919861e-01
4.181185e-01
4.181185e-01
5.853659e-01
4.181185e-01
8.362369e-01
9.198606e-01
5.574913e-01
0.000000e+00
0.000000e+00
4.738676e-01
4.459930e-01
4.459930e-01
2.229965e-01
5.574913e-02
1.672474e-01
4.459930e-01
7.247387e-01
4.738676e-01
2.229965e-01
8.362369e-02
5.574913e-01
2.229965e-01
2.787456e-01
1.003484e+00
1.644599e+00
1.226481e+00
6.689895e-01
1.003484e+00
7.804878e-01
4.738676e-01
1.282230e+00
1.560976e+00
1.337979e+00
1.393728e+00
5.574913e-01
1.114983e+00
1.365854e+00
1.282230e+00
1.588850e+00
1.783972e+00
1.756098e+00
1.756098e+00
1.365854e+00
1.700348e+00
1.728223e+00
1.477352e+00
1.087108e+00
1.616725e+00
1.895470e+00
1.198606e+00
1.756098e+00
1.644599e+00
1.616725e+00
1.226481e+00
1.310105e+00
1.282230e+00
4.459930e-01
1.142857e+00
9.477352e-01
1.365854e+00
1.337979e+00
1.644599e+00
1.505226e+00
1.310105e+00
2.508711e-01
3.902439e-01
7.526132e-01
7.526132e-01
1.310105e+00
9.477352e-01
6.132404e-01
2.787456e-02
1.951220e-01
4.181185e-01
3.623693e-01
4.459930e-01
1.114983e-01
5.574913e-02
1.672474e-01
3.623693e-01
4.181185e-01
5.296167e-01
3.623693e-01
1.393728e-01
6.689895e-01
1.672474e-01
1.672474e-01
8.641115e-01
1.644599e+00
8.362369e-01
6.689895e-01
7.804878e-01
3.902439e-01
1.951220e-01
1.337979e+00
1.393728e+00
1.226481e+00
1.560976e+00
3.344948e-01
1.114983e+00
1.588850e+00
1.365854e+00
1.170732e+00
1.839721e+00
1.756098e+00
1.616725e+00
1.365854e+00
1.282230e+00
1.310105e+00
1.449477e+00
1.337979e+00
1.449477e+00
1.839721e+00
1.337979e+00
1.560976e+00
1.700348e+00
1.811847e+00
1.198606e+00
1.114983e+00
1.588850e+00
9.198606e-01
1.114983e+00
1.142857e+00
1.337979e+00
1.449477e+00
1.505226e+00
1.533101e+00
1.087108e+00
2.229965e-01
6.132404e-01
9.477352e-01
1.337979e+00
1.365854e+00
1.198606e+00
1.003484e+00
4.459930e-01
2.229965e-01
3.902439e-01
2.508711e-01
4.181185e-01
2.229965e-01
2.508711e-01
1.672474e-01
