1.174825e+00
1.398601e+00
1.650350e+00
1.566434e+00
1.398601e+00
1.538462e+00
1.902098e+00
1.314685e+00
9.790210e-01
1.398601e+00
1.482517e+00
1.006993e+00
1.454545e+00
9.510490e-01
1.258741e+00
1.118881e+00
3.636364e-01
2.517483e-01
1.202797e+00
6.993007e-01
7.552448e-01
1.202797e+00
1.314685e+00
4.755245e-01
5.314685e-01
5.594406e-01
3.916084e-01
5.314685e-01
1.034965e+00
8.111888e-01
6.713287e-01
2.237762e-01
3.076923e-01
2.237762e-01
4.755245e-01
6.713287e-01
6.713287e-01
1.678322e-01
2.517483e-01
3.636364e-01
8.391608e-01
1.342657e+00
1.538462e+00
1.202797e+00
8.111888e-01
2.797203e-01
6.153846e-01
2.237762e-01
1.762238e+00
1.398601e+00
1.090909e+00
1.258741e+00
1.090909e+00
8.111888e-01
1.286713e+00
1.706294e+00
1.258741e+00
1.454545e+00
1.090909e+00
1.118881e+00
1.930070e+00
1.510490e+00
1.678322e+00
9.510490e-01
6.993007e-01
1.426573e+00
1.538462e+00
1.062937e+00
1.370629e+00
1.762238e+00
1.902098e+00
1.202797e+00
1.286713e+00
1.370629e+00
1.706294e+00
1.342657e+00
1.622378e+00
9.790210e-01
1.370629e+00
1.398601e+00
5.314685e-01
5.034965e-01
1.314685e+00
8.391608e-01
8.391608e-01
1.258741e+00
1.510490e+00
4.475524e-01
4.195804e-01
5.314685e-01
5.034965e-01
6.713287e-01
1.202797e+00
8.671329e-01
7.552448e-01
2.517483e-01
2.237762e-01
3.916084e-01
1.678322e-01
4.475524e-01
8.111888e-01
3.076923e-01
2.517483e-01
1.958042e-01
6.993007e-01
8.951049e-01
1.482517e+00
1.174825e+00
6.993007e-01
2.797203e-01
3.916084e-01
4.195804e-01
1.566434e+00
1.482517e+00
8.391608e-01
1.090909e+00
8.391608e-01
4.755245e-01
1.146853e+00
1.370629e+00
1.790210e+00
1.426573e+00
1.370629e+00
1.426573e+00
1.762238e+00
1.342657e+00
1.650350e+00
1.090909e+00
1.118881e+00
1.622378e+00
1.230769e+00
1.426573e+00
1.678322e+00
1.734266e+00
1.874126e+00
1.314685e+00
8.951049e-01
1.230769e+00
1.846154e+00
1.342657e+00
1.650350e+00
1.034965e+00
1.454545e+00
1.482517e+00
7.272727e-01
7.552448e-01
1.510490e+00
8.951049e-01
8.391608e-01
1.286713e+00
1.286713e+00
4.475524e-01
6.713287e-01
5.594406e-01
5.594406e-01
5.874126e-01
1.146853e+00
9.790210e-01
8.951049e-01
3.916084e-01
2.237762e-01
2.797203e-01
2.237762e-01
5.594406e-01
8.671329e-01
4.755245e-01
5.034965e-01
2.237762e-01
4.475524e-01
8.391608e-01
1.146853e+00
6.993007e-01
5.314685e-01
5.594406e-02
5.034965e-01
2.797203e-01
1.314685e+00
9.510490e-01
1.118881e+00
1.314685e+00
8.951049e-01
6.713287e-01
7.272727e-01
9.790210e-01
1.818182e+00
1.790210e+00
1.286713e+00
1.230769e+00
1.538462e+00
1.034965e+00
1.734266e+00
1.258741e+00
1.342657e+00
1.454545e+00
1.314685e+00
1.342657e+00
1.846154e+00
1.510490e+00
2.069930e+00
1.146853e+00
1.202797e+00
1.202797e+00
1.846154e+00
1.146853e+00
1.594406e+00
1.314685e+00
1.482517e+00
1.118881e+00
6.993007e-01
1.146853e+00
1.146853e+00
1.370629e+00
1.034965e+00
1.062937e+00
1.482517e+00
9.790210e-01
5.594406e-01
3.636364e-01
1.174825e+00
5.874126e-01
8.111888e-01
1.174825e+00
1.006993e+00
4.475524e-01
4.475524e-01
4.475524e-01
2.237762e-01
3.356643e-01
1.118881e+00
6.713287e-01
4.475524e-01
2.237762e-01
2.237762e-01
6.153846e-01
8.951049e-01
7.832168e-01
6.153846e-01
0.000000e+00
4.475524e-01
2.237762e-01
1.118881e+00
1.174825e+00
1.342657e+00
1.174825e+00
6.993007e-01
4.475524e-01
5.314685e-01
3.636364e-01
1.622378e+00
1.622378e+00
9.790210e-01
1.314685e+00
1.426573e+00
1.090909e+00
1.510490e+00
1.874126e+00
1.118881e+00
1.230769e+00
1.398601e+00
1.230769e+00
1.622378e+00
1.678322e+00
1.790210e+00
9.230769e-01
1.370629e+00
1.426573e+00
1.426573e+00
1.902098e+00
1.146853e+00
1.566434e+00
1.566434e+00
1.538462e+00
1.034965e+00
1.370629e+00
1.090909e+00
1.454545e+00
1.230769e+00
1.118881e+00
1.314685e+00
1.034965e+00
3.916084e-01
2.237762e-01
1.062937e+00
9.230769e-01
6.993007e-01
9.790210e-01
1.342657e+00
6.433566e-01
3.356643e-01
6.713287e-01
4.195804e-01
3.916084e-01
8.951049e-01
9.510490e-01
6.713287e-01
4.195804e-01
3.076923e-01
1.958042e-01
5.034965e-01
4.755245e-01
7.272727e-01
2.517483e-01
2.797203e-01
3.916084e-01
8.111888e-01
1.090909e+00
1.594406e+00
1.286713e+00
1.062937e+00
3.076923e-01
3.636364e-01
3.356643e-01
1.538462e+00
1.566434e+00
1.286713e+00
1.230769e+00
1.174825e+00
7.272727e-01
1.342657e+00
1.538462e+00
1.426573e+00
1.426573e+00
1.370629e+00
1.706294e+00
1.650350e+00
1.370629e+00
1.706294e+00
1.202797e+00
1.034965e+00
1.314685e+00
1.426573e+00
1.342657e+00
9.510490e-01
1.846154e+00
1.818182e+00
1.230769e+00
1.426573e+00
1.202797e+00
1.538462e+00
1.706294e+00
1.342657e+00
1.202797e+00
1.314685e+00
1.342657e+00
4.755245e-01
6.993007e-01
8.111888e-01
1.314685e+00
7.832168e-01
9.790210e-01
1.538462e+00
6.433566e-01
2.237762e-01
5.034965e-01
6.713287e-01
5.034965e-01
1.062937e+00
1.034965e+00
7.552448e-01
4.475524e-01
2.237762e-01
3.636364e-01
1.958042e-01
2.517483e-01
8.671329e-01
3.916084e-01
2.797203e-01
2.237762e-01
6.433566e-01
6.993007e-01
1.622378e+00
1.146853e+00
9.790210e-01
2.517483e-01
3.636364e-01
3.356643e-01
1.454545e+00
1.566434e+00
1.146853e+00
9.230769e-01
9.230769e-01
5.034965e-01
8.951049e-01
1.398601e+00
1.286713e+00
2.041958e+00
1.342657e+00
1.566434e+00
1.370629e+00
1.174825e+00
1.594406e+00
1.314685e+00
1.370629e+00
1.370629e+00
1.510490e+00
1.342657e+00
1.342657e+00
1.958042e+00
1.706294e+00
1.398601e+00
1.286713e+00
9.510490e-01
1.454545e+00
1.902098e+00
1.342657e+00
1.174825e+00
1.482517e+00
1.342657e+00
6.153846e-01
1.006993e+00
1.062937e+00
1.314685e+00
8.111888e-01
1.034965e+00
1.230769e+00
6.713287e-01
4.475524e-01
5.594406e-01
6.713287e-01
5.314685e-01
9.790210e-01
1.034965e+00
1.146853e+00
4.195804e-01
2.237762e-01
2.797203e-01
2.237762e-01
3.076923e-01
1.062937e+00
4.475524e-01
3.636364e-01
4.475524e-01
4.475524e-01
4.195804e-01
1.370629e+00
7.832168e-01
5.034965e-01
1.678322e-01
4.755245e-01
3.356643e-01
1.230769e+00
1.146853e+00
1.146853e+00
1.146853e+00
1.146853e+00
5.874126e-01
6.713287e-01
8.951049e-01
1.342657e+00
1.958042e+00
9.510490e-01
1.510490e+00
1.230769e+00
1.062937e+00
1.622378e+00
1.762238e+00
1.594406e+00
1.006993e+00
1.650350e+00
1.510490e+00
1.398601e+00
1.734266e+00
2.041958e+00
1.090909e+00
1.370629e+00
1.286713e+00
1.566434e+00
1.454545e+00
1.482517e+00
1.258741e+00
1.286713e+00
1.202797e+00
6.433566e-01
1.146853e+00
8.391608e-01
1.706294e+00
8.951049e-01
1.146853e+00
1.398601e+00
1.146853e+00
4.195804e-01
3.076923e-01
1.062937e+00
7.552448e-01
8.391608e-01
1.090909e+00
1.118881e+00
5.314685e-01
3.076923e-01
5.874126e-01
2.237762e-01
1.958042e-01
1.006993e+00
6.713287e-01
5.034965e-01
4.195804e-01
2.237762e-01
4.195804e-01
8.951049e-01
8.671329e-01
5.874126e-01
1.398601e-01
3.916084e-01
2.797203e-01
1.006993e+00
1.062937e+00
1.594406e+00
8.951049e-01
1.118881e+00
4.755245e-01
3.076923e-01
3.916084e-01
1.790210e+00
1.258741e+00
1.538462e+00
1.062937e+00
1.398601e+00
6.713287e-01
1.370629e+00
1.314685e+00
8.951049e-01
1.454545e+00
1.174825e+00
1.314685e+00
1.622378e+00
1.594406e+00
1.678322e+00
1.258741e+00
1.454545e+00
1.174825e+00
1.790210e+00
1.314685e+00
1.398601e+00
1.706294e+00
1.314685e+00
1.790210e+00
1.174825e+00
1.286713e+00
1.230769e+00
1.538462e+00
9.510490e-01
1.342657e+00
1.174825e+00
9.510490e-01
4.475524e-01
2.237762e-01
8.391608e-01
9.790210e-01
6.713287e-01
1.006993e+00
1.146853e+00
9.510490e-01
2.797203e-01
6.713287e-01
4.195804e-01
3.356643e-01
8.391608e-01
8.111888e-01
1.034965e+00
3.636364e-01
2.797203e-01
1.118881e-01
6.433566e-01
5.034965e-01
4.475524e-01
4.755245e-01
3.636364e-01
3.076923e-01
6.713287e-01
1.118881e+00
1.258741e+00
1.258741e+00
1.202797e+00
6.713287e-01
2.237762e-01
4.475524e-01
1.426573e+00
1.454545e+00
1.314685e+00
6.713287e-01
1.314685e+00
5.874126e-01
9.230769e-01
1.118881e+00
1.314685e+00
1.510490e+00
1.510490e+00
1.510490e+00
1.678322e+00
1.174825e+00
1.594406e+00
1.566434e+00
1.230769e+00
9.790210e-01
1.538462e+00
1.174825e+00
1.146853e+00
1.818182e+00
1.594406e+00
1.482517e+00
1.482517e+00
1.286713e+00
1.594406e+00
1.594406e+00
1.258741e+00
1.482517e+00
1.090909e+00
1.286713e+00
5.034965e-01
6.153846e-01
6.993007e-01
1.370629e+00
6.433566e-01
1.146853e+00
1.342657e+00
9.230769e-01
2.797203e-01
3.916084e-01
6.993007e-01
4.195804e-01
8.951049e-01
9.790210e-01
1.118881e+00
4.195804e-01
0.000000e+00
3.916084e-01
3.356643e-01
2.797203e-01
6.153846e-01
5.314685e-01
4.195804e-01
2.237762e-01
7.552448e-01
6.713287e-01
1.202797e+00
1.286713e+00
9.790210e-01
5.594406e-01
2.237762e-01
3.636364e-01
1.202797e+00
1.174825e+00
9.230769e-01
1.090909e+00
1.426573e+00
7.832168e-01
6.713287e-01
6.993007e-01
1.258741e+00
1.762238e+00
1.790210e+00
1.314685e+00
1.398601e+00
1.118881e+00
1.426573e+00
1.622378e+00
1.482517e+00
1.342657e+00
1.454545e+00
1.174825e+00
1.650350e+00
1.706294e+00
1.762238e+00
1.426573e+00
1.538462e+00
9.790210e-01
1.594406e+00
1.594406e+00
1.174825e+00
1.622378e+00
1.118881e+00
1.314685e+00
4.475524e-01
8.951049e-01
1.006993e+00
1.454545e+00
8.111888e-01
1.034965e+00
1.174825e+00
9.230769e-01
5.034965e-01
4.475524e-01
7.272727e-01
5.594406e-01
7.832168e-01
9.790210e-01
1.202797e+00
5.874126e-01
0.000000e+00
4.475524e-01
1.678322e-01
2.517483e-01
8.391608e-01
5.874126e-01
6.153846e-01
4.475524e-01
5.594406e-01
2.517483e-01
1.230769e+00
8.671329e-01
4.475524e-01
4.475524e-01
3.356643e-01
3.636364e-01
8.111888e-01
1.118881e+00
1.118881e+00
1.258741e+00
1.202797e+00
6.713287e-01
2.237762e-01
4.475524e-01
1.706294e+00
1.454545e+00
1.566434e+00
9.230769e-01
1.622378e+00
8.951049e-01
1.594406e+00
1.678322e+00
1.510490e+00
1.314685e+00
1.314685e+00
1.482517e+00
1.510490e+00
1.622378e+00
1.958042e+00
1.314685e+00
1.314685e+00
1.174825e+00
1.790210e+00
1.230769e+00
1.314685e+00
1.622378e+00
9.230769e-01
1.538462e+00
7.832168e-01
1.034965e+00
1.006993e+00
1.594406e+00
9.230769e-01
1.202797e+00
1.342657e+00
1.034965e+00
4.755245e-01
3.076923e-01
8.391608e-01
9.790210e-01
6.433566e-01
1.006993e+00
1.174825e+00
6.993007e-01
8.391608e-02
6.993007e-01
2.237762e-01
1.118881e-01
7.552448e-01
8.671329e-01
7.552448e-01
4.195804e-01
3.076923e-01
1.958042e-01
1.034965e+00
7.272727e-01
5.594406e-01
3.916084e-01
3.356643e-01
2.517483e-01
4.475524e-01
9.510490e-01
1.538462e+00
1.174825e+00
1.174825e+00
8.951049e-01
1.958042e-01
4.755245e-01
1.622378e+00
1.426573e+00
1.594406e+00
1.258741e+00
1.398601e+00
6.993007e-01
1.118881e+00
1.286713e+00
1.006993e+00
1.398601e+00
9.790210e-01
1.286713e+00
1.342657e+00
1.650350e+00
1.734266e+00
1.594406e+00
1.454545e+00
1.202797e+00
1.398601e+00
1.566434e+00
1.706294e+00
1.342657e+00
1.482517e+00
1.790210e+00
1.202797e+00
1.090909e+00
1.370629e+00
1.398601e+00
1.006993e+00
1.286713e+00
1.090909e+00
1.202797e+00
3.076923e-01
4.475524e-01
5.594406e-01
1.006993e+00
7.552448e-01
6.153846e-01
1.482517e+00
1.090909e+00
3.916084e-01
5.874126e-01
3.636364e-01
5.034965e-01
4.755245e-01
1.062937e+00
7.552448e-01
6.153846e-01
2.517483e-01
3.076923e-01
4.755245e-01
3.916084e-01
5.034965e-01
6.713287e-01
3.636364e-01
1.678322e-01
5.874126e-01
6.433566e-01
1.454545e+00
1.118881e+00
1.006993e+00
7.832168e-01
1.958042e-01
2.517483e-01
1.342657e+00
1.622378e+00
1.342657e+00
9.510490e-01
1.174825e+00
6.713287e-01
6.433566e-01
1.062937e+00
1.230769e+00
1.510490e+00
1.314685e+00
1.482517e+00
1.566434e+00
1.342657e+00
1.706294e+00
1.706294e+00
1.258741e+00
8.391608e-01
1.342657e+00
1.566434e+00
1.118881e+00
1.342657e+00
1.622378e+00
1.874126e+00
1.454545e+00
1.286713e+00
1.482517e+00
1.370629e+00
1.678322e+00
1.342657e+00
1.258741e+00
1.202797e+00
3.076923e-01
8.111888e-01
6.153846e-01
1.258741e+00
6.153846e-01
8.951049e-01
1.426573e+00
1.314685e+00
4.195804e-01
3.076923e-01
5.034965e-01
6.713287e-01
6.993007e-01
1.090909e+00
8.671329e-01
6.433566e-01
8.391608e-02
3.916084e-01
2.237762e-01
1.678322e-01
5.034965e-01
7.552448e-01
5.034965e-01
1.678322e-01
4.475524e-01
2.797203e-01
1.286713e+00
8.671329e-01
5.874126e-01
4.755245e-01
2.797203e-01
2.797203e-01
9.230769e-01
1.482517e+00
9.790210e-01
1.034965e+00
1.230769e+00
1.090909e+00
5.314685e-01
6.993007e-01
1.314685e+00
1.566434e+00
1.818182e+00
1.398601e+00
1.538462e+00
9.790210e-01
1.398601e+00
1.678322e+00
1.510490e+00
1.202797e+00
1.426573e+00
1.370629e+00
1.426573e+00
1.426573e+00
1.818182e+00
1.818182e+00
1.342657e+00
1.090909e+00
1.090909e+00
1.678322e+00
1.678322e+00
1.510490e+00
1.174825e+00
1.370629e+00
6.433566e-01
7.552448e-01
1.118881e+00
1.174825e+00
6.993007e-01
9.790210e-01
1.286713e+00
1.090909e+00
4.195804e-01
5.874126e-01
5.034965e-01
8.391608e-01
5.874126e-01
9.510490e-01
1.146853e+00
7.552448e-01
8.391608e-02
4.475524e-01
5.594406e-02
2.237762e-01
6.153846e-01
8.111888e-01
5.874126e-01
5.314685e-01
2.237762e-01
2.237762e-01
1.062937e+00
6.153846e-01
6.153846e-01
6.153846e-01
2.797203e-01
1.678322e-01
6.153846e-01
1.118881e+00
1.202797e+00
1.146853e+00
1.202797e+00
8.111888e-01
3.076923e-01
4.475524e-01
1.678322e+00
1.538462e+00
1.650350e+00
1.174825e+00
1.398601e+00
1.062937e+00
1.426573e+00
1.510490e+00
1.314685e+00
1.426573e+00
1.034965e+00
1.510490e+00
1.538462e+00
1.510490e+00
1.762238e+00
1.930070e+00
1.342657e+00
1.090909e+00
1.426573e+00
1.566434e+00
1.538462e+00
1.370629e+00
1.146853e+00
1.426573e+00
9.510490e-01
8.671329e-01
1.174825e+00
1.090909e+00
1.118881e+00
1.146853e+00
1.314685e+00
1.258741e+00
4.195804e-01
5.314685e-01
5.034965e-01
1.258741e+00
5.594406e-01
6.153846e-01
1.314685e+00
9.230769e-01
1.398601e-01
6.153846e-01
2.237762e-01
2.237762e-01
3.916084e-01
1.090909e+00
6.713287e-01
5.594406e-01
