1.724382e+00
1.696113e+00
1.441696e+00
9.611307e-01
1.413428e+00
1.413428e+00
1.102473e+00
1.159011e+00
1.498233e+00
1.045936e+00
1.356890e+00
1.469965e+00
8.197880e-01
1.611307e+00
1.498233e+00
1.469965e+00
8.763251e-01
1.300353e+00
9.611307e-01
4.522968e-01
9.045936e-01
1.215548e+00
9.893993e-01
1.102473e+00
1.102473e+00
2.261484e-01
6.784452e-01
2.261484e-01
0.000000e+00
9.045936e-01
1.413428e-01
9.611307e-01
4.522968e-01
4.522968e-01
6.784452e-01
3.674912e-01
4.522968e-01
3.392226e-01
3.392226e-01
6.219081e-01
7.632509e-01
1.611307e+00
7.632509e-01
2.261484e-01
4.522968e-01
4.805654e-01
5.936396e-01
6.219081e-01
9.045936e-01
1.696113e+00
1.385159e+00
1.385159e+00
1.385159e+00
8.763251e-01
1.356890e+00
1.272085e+00
1.130742e+00
1.893993e+00
1.243816e+00
1.017668e+00
1.328622e+00
1.893993e+00
1.159011e+00
1.130742e+00
1.469965e+00
1.639576e+00
1.498233e+00
9.611307e-01
1.639576e+00
1.243816e+00
1.187279e+00
1.159011e+00
1.498233e+00
1.300353e+00
1.639576e+00
1.045936e+00
7.349823e-01
1.526502e+00
1.215548e+00
1.356890e+00
1.130742e+00
1.328622e+00
1.017668e+00
9.328622e-01
9.893993e-01
1.611307e+00
1.328622e+00
1.017668e+00
1.130742e+00
4.805654e-01
6.784452e-01
2.261484e-01
2.261484e-01
8.197880e-01
3.392226e-01
9.328622e-01
4.522968e-01
2.826855e-01
4.805654e-01
3.109541e-01
1.696113e-01
3.674912e-01
4.522968e-01
9.045936e-01
6.219081e-01
1.526502e+00
6.501767e-01
2.826855e-01
5.371025e-01
5.936396e-01
3.957597e-01
6.219081e-01
7.632509e-01
1.667845e+00
1.583039e+00
1.130742e+00
8.763251e-01
4.805654e-01
1.356890e+00
1.187279e+00
1.385159e+00
1.696113e+00
9.611307e-01
1.215548e+00
1.583039e+00
2.091873e+00
9.045936e-01
1.159011e+00
1.583039e+00
1.922261e+00
1.215548e+00
9.893993e-01
1.639576e+00
1.300353e+00
1.526502e+00
9.611307e-01
1.526502e+00
1.328622e+00
1.752650e+00
8.480565e-01
9.328622e-01
1.498233e+00
1.045936e+00
1.356890e+00
1.215548e+00
1.356890e+00
1.187279e+00
1.356890e+00
8.197880e-01
1.809187e+00
1.469965e+00
1.187279e+00
1.215548e+00
6.219081e-01
6.784452e-01
2.261484e-01
5.653710e-01
7.915194e-01
4.522968e-01
1.215548e+00
4.522968e-01
2.544170e-01
6.501767e-01
1.413428e-01
0.000000e+00
4.240283e-01
4.522968e-01
8.763251e-01
5.936396e-01
1.130742e+00
5.936396e-01
2.261484e-01
5.088339e-01
7.349823e-01
8.480565e-02
4.522968e-01
7.632509e-01
1.526502e+00
1.272085e+00
1.130742e+00
7.349823e-01
2.261484e-01
1.441696e+00
9.611307e-01
1.102473e+00
1.780919e+00
1.159011e+00
1.187279e+00
1.554770e+00
1.950530e+00
7.067138e-01
1.328622e+00
1.611307e+00
2.007067e+00
1.328622e+00
8.763251e-01
1.809187e+00
1.356890e+00
1.583039e+00
8.480565e-01
1.583039e+00
1.498233e+00
1.441696e+00
1.074205e+00
1.187279e+00
1.526502e+00
8.480565e-01
1.300353e+00
1.328622e+00
1.526502e+00
1.385159e+00
1.469965e+00
5.653710e-01
1.667845e+00
1.243816e+00
1.243816e+00
1.017668e+00
7.349823e-01
7.067138e-01
2.544170e-01
8.480565e-01
1.215548e+00
1.017668e+00
1.243816e+00
6.784452e-01
2.544170e-01
6.784452e-01
2.826855e-02
0.000000e+00
4.522968e-01
2.544170e-01
7.067138e-01
7.067138e-01
9.045936e-01
5.371025e-01
3.674912e-01
4.522968e-01
6.219081e-01
2.544170e-01
8.197880e-01
6.784452e-01
1.667845e+00
1.045936e+00
6.784452e-01
6.501767e-01
1.978799e-01
1.074205e+00
7.349823e-01
8.480565e-01
1.328622e+00
1.385159e+00
1.356890e+00
1.243816e+00
1.696113e+00
9.045936e-01
1.441696e+00
1.272085e+00
1.356890e+00
1.752650e+00
9.611307e-01
1.300353e+00
1.413428e+00
1.385159e+00
1.356890e+00
1.526502e+00
1.922261e+00
1.356890e+00
8.763251e-01
1.385159e+00
1.554770e+00
1.017668e+00
1.272085e+00
1.441696e+00
1.441696e+00
9.045936e-01
1.526502e+00
9.893993e-01
1.328622e+00
1.639576e+00
1.498233e+00
1.074205e+00
7.632509e-01
1.469965e+00
4.522968e-01
9.045936e-01
9.893993e-01
1.272085e+00
8.763251e-01
1.130742e+00
3.392226e-01
7.632509e-01
2.544170e-01
0.000000e+00
4.805654e-01
5.653710e-01
7.067138e-01
7.632509e-01
1.696113e-01
7.915194e-01
5.371025e-01
4.522968e-01
1.130742e-01
5.653710e-01
3.109541e-01
7.349823e-01
1.102473e+00
1.159011e+00
4.240283e-01
5.653710e-01
2.261484e-01
5.653710e-01
7.349823e-01
1.130742e+00
1.215548e+00
1.554770e+00
1.469965e+00
1.554770e+00
7.915194e-01
1.243816e+00
1.300353e+00
1.526502e+00
1.385159e+00
1.243816e+00
1.159011e+00
1.469965e+00
1.752650e+00
1.272085e+00
1.187279e+00
1.441696e+00
1.611307e+00
1.639576e+00
7.067138e-01
1.639576e+00
1.413428e+00
8.480565e-01
1.498233e+00
1.272085e+00
1.611307e+00
1.187279e+00
1.272085e+00
9.893993e-01
1.074205e+00
1.611307e+00
1.300353e+00
1.130742e+00
1.130742e+00
1.356890e+00
9.045936e-01
1.017668e+00
1.385159e+00
1.441696e+00
9.893993e-01
1.300353e+00
4.240283e-01
9.328622e-01
2.544170e-01
5.653710e-02
6.219081e-01
6.784452e-01
5.653710e-01
6.219081e-01
5.653710e-02
5.371025e-01
4.805654e-01
1.696113e-01
2.826855e-02
7.915194e-01
7.349823e-01
9.328622e-01
9.328622e-01
1.102473e+00
3.109541e-01
6.501767e-01
3.392226e-01
4.240283e-01
5.371025e-01
8.480565e-01
1.159011e+00
1.752650e+00
1.413428e+00
1.159011e+00
2.826855e-01
1.187279e+00
1.243816e+00
1.469965e+00
1.498233e+00
1.187279e+00
1.102473e+00
1.639576e+00
1.554770e+00
1.385159e+00
9.328622e-01
1.328622e+00
1.639576e+00
1.837456e+00
7.632509e-01
1.469965e+00
1.611307e+00
8.197880e-01
1.667845e+00
1.441696e+00
1.583039e+00
1.215548e+00
1.187279e+00
1.187279e+00
1.102473e+00
1.385159e+00
1.187279e+00
1.215548e+00
1.300353e+00
1.328622e+00
1.187279e+00
1.045936e+00
1.498233e+00
1.639576e+00
1.187279e+00
1.469965e+00
4.805654e-01
1.045936e+00
2.261484e-01
3.392226e-01
5.936396e-01
8.480565e-01
7.632509e-01
5.936396e-01
2.826855e-02
6.784452e-01
3.392226e-01
0.000000e+00
1.413428e-01
7.349823e-01
7.349823e-01
7.915194e-01
7.915194e-01
8.197880e-01
3.392226e-01
5.088339e-01
3.392226e-01
4.805654e-01
2.544170e-01
7.632509e-01
9.893993e-01
1.639576e+00
1.356890e+00
9.611307e-01
5.653710e-02
9.611307e-01
1.328622e+00
1.187279e+00
9.611307e-01
1.498233e+00
1.187279e+00
1.469965e+00
1.300353e+00
1.413428e+00
1.187279e+00
1.554770e+00
1.583039e+00
1.837456e+00
9.045936e-01
1.526502e+00
1.385159e+00
1.187279e+00
1.441696e+00
1.187279e+00
1.837456e+00
1.130742e+00
1.272085e+00
1.328622e+00
1.300353e+00
1.187279e+00
1.215548e+00
1.441696e+00
1.356890e+00
1.328622e+00
1.328622e+00
9.328622e-01
1.385159e+00
1.385159e+00
1.272085e+00
1.215548e+00
6.501767e-01
1.045936e+00
2.261484e-01
6.501767e-01
9.328622e-01
1.356890e+00
9.611307e-01
8.197880e-01
2.261484e-01
7.067138e-01
1.413428e-01
0.000000e+00
2.544170e-01
4.522968e-01
4.522968e-01
9.893993e-01
4.522968e-01
9.045936e-01
4.522968e-01
4.522968e-01
2.261484e-01
6.501767e-01
5.371025e-01
6.784452e-01
1.243816e+00
1.300353e+00
9.893993e-01
7.915194e-01
1.130742e-01
6.219081e-01
9.893993e-01
1.045936e+00
1.441696e+00
1.583039e+00
1.159011e+00
1.300353e+00
1.243816e+00
1.045936e+00
1.441696e+00
9.328622e-01
1.498233e+00
1.554770e+00
9.328622e-01
1.413428e+00
1.469965e+00
1.526502e+00
1.469965e+00
1.724382e+00
1.498233e+00
1.639576e+00
9.328622e-01
1.441696e+00
1.498233e+00
7.349823e-01
1.441696e+00
1.385159e+00
1.413428e+00
1.272085e+00
1.385159e+00
1.159011e+00
1.017668e+00
1.356890e+00
1.780919e+00
9.045936e-01
9.045936e-01
1.554770e+00
6.501767e-01
4.522968e-01
1.159011e+00
1.102473e+00
1.074205e+00
1.159011e+00
4.240283e-01
7.349823e-01
3.957597e-01
0.000000e+00
2.261484e-01
8.197880e-01
4.805654e-01
8.480565e-01
2.826855e-02
7.632509e-01
6.784452e-01
1.978799e-01
3.109541e-01
6.501767e-01
2.261484e-01
3.392226e-01
1.300353e+00
1.215548e+00
5.088339e-01
3.674912e-01
4.240283e-01
5.371025e-01
8.197880e-01
8.197880e-01
1.328622e+00
1.724382e+00
1.159011e+00
1.074205e+00
6.219081e-01
8.197880e-01
1.498233e+00
1.130742e+00
1.583039e+00
1.272085e+00
9.045936e-01
1.441696e+00
2.007067e+00
1.356890e+00
1.300353e+00
1.272085e+00
1.526502e+00
1.611307e+00
9.611307e-01
1.469965e+00
1.441696e+00
8.763251e-01
1.639576e+00
1.611307e+00
1.215548e+00
1.639576e+00
1.215548e+00
1.159011e+00
7.349823e-01
1.328622e+00
1.413428e+00
8.763251e-01
1.356890e+00
1.469965e+00
9.328622e-01
6.784452e-01
1.498233e+00
1.187279e+00
1.356890e+00
9.893993e-01
6.219081e-01
8.763251e-01
5.088339e-01
0.000000e+00
4.522968e-01
7.915194e-01
5.936396e-01
9.045936e-01
0.000000e+00
4.522968e-01
6.219081e-01
0.000000e+00
1.696113e-01
8.197880e-01
4.522968e-01
7.349823e-01
8.763251e-01
1.272085e+00
3.392226e-01
5.088339e-01
4.240283e-01
5.936396e-01
4.805654e-01
7.915194e-01
1.017668e+00
1.752650e+00
9.893993e-01
1.074205e+00
3.674912e-01
5.936396e-01
1.469965e+00
1.074205e+00
1.667845e+00
1.215548e+00
1.074205e+00
1.159011e+00
1.978799e+00
1.554770e+00
1.045936e+00
1.130742e+00
1.611307e+00
1.809187e+00
7.915194e-01
1.639576e+00
1.526502e+00
7.632509e-01
1.865724e+00
1.696113e+00
1.356890e+00
1.441696e+00
1.130742e+00
1.243816e+00
9.893993e-01
1.187279e+00
1.243816e+00
8.480565e-01
1.441696e+00
1.696113e+00
1.130742e+00
8.763251e-01
1.356890e+00
1.300353e+00
1.752650e+00
1.328622e+00
6.501767e-01
9.611307e-01
5.371025e-01
1.130742e-01
6.784452e-01
8.197880e-01
6.784452e-01
8.763251e-01
0.000000e+00
5.371025e-01
5.088339e-01
0.000000e+00
0.000000e+00
8.763251e-01
4.522968e-01
5.936396e-01
7.632509e-01
9.045936e-01
4.805654e-01
2.261484e-01
4.522968e-01
6.784452e-01
2.261484e-01
7.349823e-01
1.243816e+00
1.328622e+00
1.045936e+00
6.219081e-01
3.109541e-01
3.392226e-01
1.102473e+00
8.763251e-01
1.243816e+00
1.328622e+00
9.893993e-01
1.243816e+00
1.696113e+00
1.526502e+00
1.300353e+00
1.102473e+00
1.780919e+00
1.724382e+00
7.067138e-01
1.724382e+00
1.554770e+00
1.045936e+00
1.780919e+00
1.667845e+00
1.356890e+00
1.526502e+00
1.187279e+00
1.356890e+00
1.102473e+00
1.215548e+00
1.045936e+00
9.893993e-01
1.554770e+00
1.696113e+00
1.356890e+00
9.328622e-01
1.187279e+00
1.045936e+00
1.667845e+00
1.130742e+00
7.349823e-01
1.102473e+00
4.240283e-01
2.544170e-01
1.074205e+00
1.159011e+00
1.159011e+00
9.893993e-01
1.696113e-01
5.371025e-01
4.240283e-01
0.000000e+00
0.000000e+00
7.067138e-01
2.261484e-01
8.480565e-01
4.240283e-01
1.074205e+00
5.088339e-01
1.978799e-01
4.240283e-01
7.349823e-01
4.522968e-01
4.240283e-01
9.328622e-01
1.583039e+00
5.653710e-01
2.261484e-01
4.522968e-01
5.653710e-01
7.632509e-01
1.215548e+00
9.893993e-01
1.837456e+00
1.130742e+00
1.413428e+00
1.328622e+00
1.130742e+00
1.215548e+00
1.017668e+00
1.639576e+00
1.469965e+00
1.102473e+00
1.187279e+00
1.696113e+00
1.272085e+00
1.413428e+00
1.130742e+00
1.978799e+00
1.583039e+00
1.017668e+00
1.243816e+00
1.272085e+00
1.328622e+00
1.356890e+00
1.328622e+00
1.667845e+00
9.045936e-01
1.441696e+00
1.272085e+00
9.045936e-01
1.724382e+00
1.526502e+00
1.017668e+00
8.197880e-01
1.300353e+00
9.045936e-01
5.653710e-01
9.893993e-01
1.102473e+00
1.102473e+00
1.045936e+00
6.219081e-01
4.522968e-01
6.784452e-01
0.000000e+00
0.000000e+00
9.045936e-01
5.371025e-01
9.893993e-01
8.480565e-02
6.784452e-01
5.936396e-01
2.261484e-01
4.522968e-01
3.392226e-01
3.392226e-01
7.067138e-01
5.653710e-01
1.554770e+00
4.522968e-01
2.826855e-01
5.371025e-01
6.784452e-01
4.522968e-01
9.611307e-01
1.017668e+00
1.752650e+00
1.385159e+00
9.893993e-01
8.763251e-01
6.784452e-01
1.385159e+00
1.130742e+00
1.554770e+00
1.639576e+00
6.219081e-01
1.441696e+00
2.007067e+00
1.469965e+00
1.130742e+00
8.763251e-01
2.007067e+00
1.300353e+00
1.243816e+00
1.215548e+00
1.356890e+00
1.243816e+00
1.554770e+00
1.526502e+00
1.611307e+00
1.300353e+00
1.300353e+00
1.215548e+00
8.480565e-01
1.385159e+00
1.130742e+00
1.017668e+00
1.074205e+00
1.215548e+00
1.187279e+00
8.197880e-01
1.074205e+00
1.724382e+00
1.243816e+00
9.893993e-01
7.349823e-01
5.936396e-01
7.915194e-01
0.000000e+00
2.261484e-01
8.197880e-01
6.784452e-01
9.611307e-01
1.696113e-01
4.522968e-01
4.522968e-01
1.696113e-01
1.696113e-01
3.674912e-01
6.784452e-01
5.936396e-01
4.805654e-01
1.130742e+00
4.240283e-01
2.261484e-01
5.088339e-01
8.197880e-01
1.413428e-01
9.328622e-01
8.480565e-01
1.780919e+00
1.045936e+00
9.893993e-01
6.501767e-01
4.522968e-01
1.356890e+00
1.017668e+00
1.526502e+00
1.498233e+00
9.045936e-01
1.413428e+00
1.667845e+00
1.696113e+00
1.045936e+00
1.017668e+00
1.780919e+00
1.837456e+00
9.328622e-01
1.159011e+00
1.837456e+00
9.045936e-01
1.667845e+00
1.300353e+00
1.893993e+00
9.328622e-01
1.526502e+00
1.130742e+00
9.893993e-01
1.356890e+00
1.159011e+00
1.045936e+00
1.272085e+00
1.441696e+00
1.215548e+00
1.159011e+00
9.328622e-01
1.922261e+00
1.413428e+00
1.300353e+00
7.915194e-01
6.501767e-01
8.763251e-01
5.653710e-02
5.088339e-01
7.915194e-01
7.915194e-01
9.611307e-01
1.413428e-01
5.371025e-01
5.088339e-01
0.000000e+00
0.000000e+00
4.240283e-01
6.784452e-01
1.074205e+00
3.674912e-01
1.074205e+00
4.522968e-01
2.261484e-01
4.522968e-01
6.784452e-01
3.392226e-01
7.349823e-01
7.915194e-01
1.639576e+00
1.074205e+00
5.371025e-01
5.653710e-01
2.261484e-01
1.159011e+00
1.102473e+00
1.045936e+00
1.498233e+00
8.480565e-01
1.469965e+00
1.554770e+00
1.696113e+00
9.893993e-01
9.045936e-01
1.978799e+00
1.780919e+00
9.893993e-01
1.187279e+00
1.809187e+00
9.893993e-01
1.780919e+00
1.243816e+00
1.950530e+00
1.187279e+00
1.300353e+00
1.300353e+00
1.045936e+00
1.554770e+00
8.763251e-01
1.130742e+00
1.441696e+00
1.441696e+00
1.413428e+00
1.243816e+00
9.611307e-01
1.441696e+00
1.356890e+00
1.130742e+00
8.480565e-01
7.067138e-01
8.763251e-01
1.696113e-01
7.067138e-01
1.328622e+00
1.272085e+00
8.480565e-01
3.109541e-01
4.805654e-01
4.805654e-01
0.000000e+00
0.000000e+00
4.522968e-01
4.805654e-01
