1.192727e+00
1.658182e+00
9.890909e-01
1.221818e+00
9.018182e-01
8.727273e-01
1.367273e+00
9.309091e-01
8.145455e-01
2.618182e-01
8.727273e-01
1.250909e+00
1.803636e+00
1.163636e+00
1.105455e+00
7.563636e-01
6.109091e-01
2.036364e-01
1.367273e+00
1.396364e+00
1.134545e+00
1.309091e+00
9.018182e-01
4.363636e-01
1.454545e-01
1.454545e-01
7.272727e-01
8.727273e-01
6.690909e-01
1.396364e+00
1.367273e+00
2.327273e-01
9.600000e-01
6.981818e-01
3.200000e-01
5.818182e-01
5.236364e-01
4.072727e-01
8.727273e-01
1.076364e+00
8.727273e-01
1.338182e+00
1.192727e+00
1.949091e+00
1.483636e+00
9.309091e-01
2.618182e-01
3.781818e-01
5.818182e-01
1.047273e+00
1.512727e+00
1.512727e+00
9.600000e-01
1.425455e+00
1.163636e+00
1.047273e+00
9.309091e-01
1.512727e+00
8.145455e-01
1.396364e+00
1.483636e+00
1.483636e+00
1.745455e+00
1.454545e+00
1.076364e+00
1.949091e+00
9.600000e-01
1.280000e+00
1.280000e+00
9.890909e-01
1.541818e+00
1.425455e+00
7.272727e-01
2.618182e-01
8.436364e-01
1.338182e+00
1.396364e+00
1.425455e+00
1.192727e+00
7.563636e-01
6.400000e-01
4.363636e-01
1.425455e+00
1.425455e+00
1.483636e+00
1.134545e+00
9.600000e-01
6.690909e-01
4.654545e-01
0.000000e+00
5.527273e-01
6.400000e-01
7.563636e-01
1.367273e+00
1.192727e+00
2.327273e-01
7.563636e-01
4.363636e-01
5.818182e-01
9.309091e-01
5.236364e-01
6.400000e-01
1.221818e+00
6.690909e-01
9.309091e-01
1.396364e+00
8.727273e-01
1.425455e+00
1.105455e+00
7.854545e-01
2.036364e-01
7.563636e-01
4.363636e-01
1.367273e+00
1.541818e+00
1.774545e+00
1.309091e+00
1.221818e+00
8.436364e-01
6.400000e-01
1.076364e+00
1.018182e+00
1.018182e+00
1.367273e+00
1.105455e+00
1.425455e+00
1.629091e+00
1.163636e+00
1.018182e+00
1.600000e+00
7.854545e-01
8.145455e-01
1.221818e+00
1.163636e+00
1.425455e+00
1.338182e+00
9.018182e-01
8.145455e-01
1.076364e+00
1.570909e+00
1.280000e+00
9.890909e-01
1.105455e+00
9.018182e-01
8.145455e-01
4.363636e-01
1.134545e+00
1.338182e+00
1.541818e+00
1.280000e+00
1.105455e+00
3.781818e-01
4.654545e-01
0.000000e+00
1.047273e+00
1.105455e+00
7.272727e-01
1.541818e+00
1.018182e+00
4.363636e-01
5.818182e-01
1.745455e-01
4.363636e-01
8.145455e-01
7.563636e-01
8.436364e-01
1.570909e+00
6.109091e-01
8.145455e-01
1.454545e+00
6.690909e-01
1.425455e+00
9.018182e-01
6.400000e-01
1.745455e-01
9.309091e-01
4.654545e-01
1.076364e+00
1.629091e+00
1.512727e+00
1.192727e+00
1.047273e+00
7.563636e-01
6.690909e-01
1.047273e+00
1.309091e+00
1.018182e+00
1.600000e+00
1.338182e+00
1.483636e+00
1.629091e+00
1.047273e+00
1.047273e+00
1.483636e+00
1.076364e+00
1.192727e+00
1.367273e+00
1.570909e+00
1.745455e+00
1.309091e+00
7.854545e-01
1.250909e+00
1.018182e+00
1.541818e+00
1.076364e+00
8.727273e-01
9.309091e-01
1.076364e+00
7.854545e-01
2.327273e-01
9.309091e-01
1.367273e+00
1.745455e+00
1.309091e+00
1.309091e+00
6.109091e-01
7.272727e-01
2.036364e-01
9.309091e-01
1.047273e+00
9.309091e-01
1.454545e+00
9.600000e-01
4.363636e-01
3.200000e-01
1.454545e-01
8.145455e-01
7.854545e-01
6.981818e-01
9.890909e-01
1.687273e+00
4.363636e-01
8.436364e-01
1.367273e+00
2.036364e-01
1.105455e+00
5.236364e-01
4.363636e-01
2.909091e-01
8.727273e-01
6.981818e-01
1.134545e+00
1.803636e+00
1.687273e+00
1.425455e+00
1.221818e+00
3.200000e-01
5.818182e-01
9.018182e-01
1.047273e+00
1.018182e+00
1.454545e+00
1.192727e+00
1.134545e+00
1.541818e+00
9.890909e-01
1.163636e+00
1.221818e+00
1.250909e+00
1.105455e+00
1.367273e+00
1.483636e+00
1.716364e+00
1.512727e+00
1.250909e+00
1.425455e+00
1.105455e+00
1.396364e+00
9.600000e-01
8.145455e-01
1.163636e+00
1.018182e+00
1.076364e+00
2.618182e-01
6.400000e-01
1.280000e+00
1.483636e+00
1.541818e+00
1.018182e+00
7.272727e-01
6.109091e-01
2.327273e-01
9.600000e-01
1.687273e+00
8.145455e-01
1.629091e+00
6.981818e-01
7.272727e-01
1.745455e-01
0.000000e+00
6.400000e-01
8.727273e-01
6.981818e-01
1.280000e+00
1.541818e+00
3.490909e-01
9.018182e-01
6.690909e-01
3.781818e-01
6.981818e-01
4.945455e-01
5.236364e-01
5.236364e-01
1.250909e+00
6.981818e-01
1.396364e+00
1.192727e+00
1.861818e+00
1.367273e+00
1.192727e+00
4.363636e-01
2.618182e-01
4.654545e-01
9.309091e-01
1.163636e+00
1.716364e+00
1.163636e+00
1.192727e+00
1.192727e+00
1.425455e+00
1.047273e+00
8.727273e-01
1.309091e+00
1.105455e+00
1.105455e+00
1.483636e+00
1.512727e+00
1.367273e+00
1.367273e+00
1.629091e+00
1.221818e+00
1.367273e+00
1.280000e+00
7.854545e-01
1.483636e+00
1.367273e+00
1.018182e+00
1.745455e-01
6.400000e-01
1.454545e+00
9.890909e-01
1.861818e+00
9.309091e-01
8.727273e-01
6.400000e-01
4.654545e-01
1.076364e+00
1.629091e+00
1.250909e+00
1.483636e+00
7.563636e-01
8.727273e-01
4.945455e-01
0.000000e+00
2.618182e-01
7.563636e-01
6.690909e-01
1.309091e+00
1.280000e+00
4.363636e-01
6.981818e-01
3.490909e-01
6.981818e-01
9.890909e-01
5.818182e-01
6.400000e-01
9.600000e-01
8.436364e-01
8.727273e-01
1.250909e+00
9.600000e-01
1.367273e+00
1.018182e+00
9.890909e-01
3.781818e-01
6.400000e-01
2.036364e-01
1.396364e+00
1.163636e+00
1.949091e+00
1.454545e+00
1.105455e+00
9.890909e-01
8.727273e-01
9.018182e-01
1.163636e+00
1.396364e+00
1.221818e+00
1.396364e+00
1.716364e+00
1.367273e+00
1.309091e+00
1.309091e+00
1.250909e+00
1.105455e+00
9.309091e-01
1.018182e+00
1.018182e+00
1.425455e+00
1.309091e+00
1.047273e+00
6.981818e-01
9.309091e-01
1.629091e+00
1.163636e+00
1.221818e+00
9.309091e-01
1.018182e+00
9.309091e-01
4.654545e-01
8.436364e-01
1.512727e+00
1.221818e+00
1.600000e+00
9.018182e-01
5.527273e-01
4.945455e-01
0.000000e+00
6.109091e-01
1.309091e+00
7.563636e-01
1.483636e+00
1.018182e+00
6.690909e-01
5.527273e-01
2.327273e-01
4.945455e-01
7.854545e-01
6.690909e-01
9.309091e-01
1.396364e+00
7.272727e-01
6.400000e-01
1.163636e+00
8.727273e-01
1.454545e+00
8.436364e-01
7.854545e-01
2.909091e-01
9.600000e-01
4.654545e-01
1.163636e+00
1.076364e+00
1.774545e+00
1.280000e+00
9.018182e-01
9.600000e-01
7.272727e-01
7.854545e-01
8.145455e-01
1.163636e+00
1.512727e+00
1.163636e+00
1.105455e+00
1.483636e+00
1.250909e+00
1.105455e+00
1.250909e+00
1.367273e+00
1.163636e+00
1.192727e+00
1.629091e+00
1.483636e+00
1.600000e+00
1.134545e+00
1.105455e+00
9.890909e-01
1.454545e+00
1.192727e+00
9.018182e-01
9.018182e-01
8.727273e-01
9.309091e-01
2.327273e-01
5.527273e-01
1.629091e+00
1.280000e+00
1.745455e+00
1.163636e+00
7.563636e-01
7.272727e-01
2.327273e-01
7.272727e-01
1.192727e+00
7.563636e-01
1.483636e+00
7.854545e-01
7.854545e-01
3.781818e-01
8.727273e-02
6.690909e-01
8.436364e-01
7.272727e-01
9.600000e-01
1.687273e+00
5.236364e-01
5.818182e-01
1.280000e+00
4.654545e-01
1.105455e+00
5.527273e-01
4.945455e-01
2.036364e-01
9.600000e-01
6.981818e-01
1.134545e+00
1.396364e+00
1.716364e+00
1.483636e+00
1.338182e+00
5.818182e-01
5.236364e-01
4.654545e-01
9.309091e-01
1.105455e+00
1.483636e+00
1.541818e+00
8.145455e-01
1.280000e+00
1.629091e+00
1.163636e+00
1.192727e+00
1.512727e+00
7.854545e-01
1.658182e+00
1.309091e+00
1.338182e+00
1.861818e+00
7.854545e-01
1.250909e+00
1.570909e+00
1.076364e+00
1.454545e+00
5.527273e-01
9.890909e-01
1.454545e+00
6.400000e-01
6.690909e-01
3.200000e-01
1.047273e+00
1.687273e+00
1.512727e+00
1.425455e+00
7.272727e-01
7.563636e-01
2.909091e-01
4.654545e-01
1.803636e+00
1.134545e+00
1.280000e+00
6.690909e-01
9.600000e-01
3.490909e-01
2.909091e-02
5.527273e-01
7.854545e-01
4.654545e-01
1.221818e+00
1.745455e+00
4.072727e-01
9.018182e-01
6.981818e-01
5.818182e-01
5.236364e-01
4.945455e-01
6.981818e-01
1.745455e-01
1.367273e+00
5.527273e-01
1.658182e+00
1.192727e+00
1.250909e+00
1.716364e+00
1.280000e+00
7.272727e-01
2.909091e-02
2.036364e-01
1.134545e+00
1.192727e+00
1.512727e+00
1.949091e+00
8.727273e-01
1.192727e+00
1.076364e+00
8.436364e-01
1.163636e+00
1.425455e+00
8.436364e-01
1.425455e+00
1.134545e+00
1.221818e+00
1.745455e+00
1.338182e+00
1.250909e+00
1.716364e+00
9.309091e-01
1.803636e+00
5.527273e-01
1.280000e+00
1.629091e+00
5.818182e-01
4.654545e-01
3.781818e-01
1.280000e+00
1.425455e+00
1.629091e+00
1.163636e+00
1.018182e+00
5.527273e-01
7.563636e-01
6.109091e-01
1.774545e+00
1.309091e+00
1.309091e+00
7.563636e-01
1.105455e+00
6.981818e-01
0.000000e+00
2.327273e-01
5.527273e-01
4.945455e-01
1.396364e+00
1.338182e+00
4.945455e-01
4.363636e-01
6.109091e-01
6.109091e-01
7.854545e-01
6.690909e-01
6.981818e-01
7.563636e-01
1.192727e+00
9.600000e-01
1.338182e+00
1.134545e+00
1.076364e+00
1.076364e+00
1.076364e+00
6.400000e-01
1.745455e-01
3.200000e-01
1.047273e+00
1.134545e+00
1.309091e+00
1.745455e+00
9.018182e-01
1.076364e+00
8.145455e-01
9.309091e-01
1.221818e+00
1.367273e+00
1.163636e+00
1.600000e+00
1.163636e+00
1.221818e+00
1.803636e+00
1.163636e+00
1.163636e+00
1.483636e+00
6.400000e-01
1.338182e+00
7.272727e-01
1.425455e+00
1.425455e+00
4.945455e-01
9.309091e-01
8.145455e-01
1.483636e+00
1.629091e+00
1.280000e+00
6.981818e-01
1.309091e+00
6.400000e-01
7.563636e-01
6.109091e-01
1.163636e+00
1.541818e+00
1.163636e+00
1.396364e+00
7.563636e-01
6.981818e-01
0.000000e+00
3.200000e-01
1.367273e+00
6.981818e-01
1.367273e+00
1.163636e+00
7.272727e-01
6.690909e-01
3.200000e-01
4.072727e-01
5.818182e-01
7.272727e-01
9.890909e-01
1.047273e+00
1.047273e+00
6.981818e-01
1.280000e+00
1.163636e+00
1.047273e+00
8.727273e-01
1.076364e+00
3.200000e-01
5.527273e-01
5.527273e-01
1.280000e+00
1.512727e+00
1.250909e+00
1.832727e+00
1.367273e+00
7.854545e-01
2.909091e-01
8.436364e-01
9.890909e-01
9.309091e-01
1.338182e+00
1.570909e+00
5.818182e-01
1.425455e+00
1.600000e+00
9.890909e-01
1.163636e+00
1.687273e+00
9.309091e-01
1.454545e+00
1.309091e+00
1.454545e+00
1.803636e+00
7.272727e-01
9.890909e-01
1.105455e+00
1.192727e+00
1.861818e+00
8.436364e-01
5.236364e-01
1.309091e+00
4.945455e-01
6.690909e-01
4.654545e-01
1.163636e+00
1.454545e+00
1.512727e+00
1.687273e+00
8.436364e-01
8.727273e-01
2.909091e-01
2.618182e-01
1.454545e+00
6.981818e-01
1.309091e+00
8.727273e-01
9.309091e-01
5.527273e-01
1.163636e-01
5.818182e-01
6.981818e-01
7.563636e-01
9.309091e-01
1.454545e+00
7.854545e-01
5.818182e-01
1.221818e+00
7.563636e-01
7.272727e-01
5.236364e-01
8.145455e-01
1.454545e-01
8.727273e-01
4.654545e-01
1.192727e+00
1.396364e+00
1.396364e+00
1.600000e+00
1.483636e+00
7.272727e-01
1.454545e-01
9.309091e-01
6.981818e-01
1.047273e+00
1.483636e+00
1.338182e+00
1.280000e+00
1.105455e+00
1.367273e+00
1.396364e+00
1.134545e+00
1.396364e+00
9.600000e-01
1.512727e+00
1.105455e+00
1.920000e+00
1.396364e+00
8.727273e-01
1.221818e+00
1.803636e+00
8.436364e-01
1.280000e+00
7.272727e-01
1.134545e+00
1.250909e+00
8.145455e-01
8.145455e-01
8.727273e-02
9.600000e-01
1.658182e+00
1.600000e+00
1.047273e+00
1.047273e+00
4.363636e-01
4.945455e-01
3.490909e-01
1.600000e+00
1.309091e+00
1.134545e+00
9.890909e-01
1.047273e+00
2.618182e-01
1.163636e-01
2.327273e-01
9.018182e-01
6.109091e-01
8.436364e-01
1.687273e+00
9.018182e-01
7.854545e-01
1.076364e+00
5.527273e-01
4.945455e-01
3.781818e-01
6.981818e-01
2.036364e-01
1.250909e+00
7.563636e-01
1.280000e+00
1.367273e+00
9.309091e-01
1.076364e+00
1.250909e+00
6.400000e-01
1.745455e-01
4.945455e-01
6.981818e-01
1.134545e+00
1.745455e+00
1.687273e+00
1.367273e+00
9.890909e-01
1.018182e+00
1.367273e+00
9.890909e-01
1.250909e+00
1.076364e+00
1.338182e+00
9.600000e-01
1.716364e+00
1.105455e+00
1.221818e+00
1.367273e+00
1.949091e+00
6.690909e-01
1.541818e+00
8.145455e-01
1.425455e+00
1.512727e+00
8.145455e-01
5.527273e-01
2.618182e-01
1.076364e+00
1.425455e+00
1.541818e+00
1.134545e+00
1.134545e+00
4.072727e-01
8.436364e-01
4.072727e-01
1.658182e+00
1.483636e+00
1.221818e+00
8.727273e-01
1.280000e+00
4.654545e-01
2.327273e-01
0.000000e+00
5.818182e-01
6.400000e-01
1.018182e+00
1.338182e+00
9.309091e-01
4.363636e-01
7.854545e-01
4.945455e-01
9.018182e-01
4.945455e-01
6.981818e-01
6.981818e-01
1.250909e+00
7.854545e-01
1.105455e+00
1.483636e+00
8.436364e-01
1.018182e+00
1.192727e+00
2.909091e-01
2.909091e-01
4.654545e-01
9.018182e-01
8.436364e-01
1.774545e+00
1.338182e+00
1.250909e+00
9.018182e-01
8.727273e-01
1.367273e+00
8.145455e-01
1.570909e+00
1.018182e+00
1.570909e+00
1.163636e+00
1.658182e+00
1.309091e+00
1.163636e+00
1.454545e+00
1.396364e+00
6.690909e-01
1.134545e+00
9.018182e-01
1.512727e+00
1.134545e+00
8.436364e-01
7.854545e-01
9.018182e-01
1.192727e+00
1.425455e+00
1.396364e+00
9.309091e-01
1.163636e+00
4.072727e-01
9.309091e-01
3.200000e-01
1.338182e+00
1.570909e+00
1.163636e+00
1.134545e+00
1.163636e+00
4.654545e-01
2.327273e-01
8.727273e-02
1.105455e+00
1.134545e+00
9.890909e-01
1.221818e+00
1.105455e+00
4.654545e-01
5.236364e-01
2.618182e-01
6.981818e-01
4.945455e-01
8.145455e-01
1.163636e+00
1.367273e+00
6.690909e-01
1.047273e+00
1.134545e+00
5.527273e-01
6.981818e-01
6.981818e-01
2.618182e-01
5.818182e-01
4.654545e-01
1.163636e+00
1.163636e+00
1.687273e+00
1.570909e+00
1.629091e+00
7.854545e-01
4.072727e-01
1.250909e+00
6.109091e-01
1.163636e+00
1.192727e+00
1.425455e+00
1.047273e+00
1.250909e+00
1.338182e+00
1.076364e+00
1.454545e+00
1.483636e+00
9.600000e-01
1.396364e+00
1.018182e+00
2.007273e+00
1.396364e+00
1.047273e+00
7.563636e-01
1.280000e+00
1.105455e+00
1.367273e+00
1.047273e+00
9.309091e-01
1.018182e+00
6.400000e-01
8.145455e-01
5.818182e-02
1.221818e+00
1.658182e+00
1.512727e+00
1.134545e+00
1.250909e+00
4.654545e-01
5.818182e-01
3.490909e-01
9.018182e-01
1.047273e+00
1.163636e+00
1.105455e+00
1.076364e+00
3.490909e-01
3.200000e-01
2.327273e-01
1.018182e+00
5.236364e-01
7.563636e-01
1.338182e+00
1.338182e+00
