1.555556e+00
6.666667e-01
1.555556e+00
1.833333e+00
1.222222e+00
1.194444e+00
1.500000e+00
0.000000e+00
4.444444e-01
5.555556e-02
9.166667e-01
1.138889e+00
9.444444e-01
8.888889e-01
1.138889e+00
1.333333e+00
2.222222e-01
9.166667e-01
8.055556e-01
8.055556e-01
1.111111e+00
8.888889e-01
1.111111e+00
6.944444e-01
1.000000e+00
1.638889e+00
1.138889e+00
1.305556e+00
1.305556e+00
5.000000e-01
9.722222e-01
4.722222e-01
1.694444e+00
6.111111e-01
1.027778e+00
8.888889e-01
4.722222e-01
8.888889e-01
1.194444e+00
1.250000e+00
1.583333e+00
5.277778e-01
6.944444e-01
1.250000e+00
1.444444e+00
1.666667e+00
1.722222e+00
1.111111e+00
8.055556e-01
5.277778e-01
6.388889e-01
5.555556e-01
7.222222e-01
1.166667e+00
4.444444e-01
5.555556e-01
1.027778e+00
9.444444e-01
1.583333e+00
9.722222e-01
9.722222e-01
1.500000e+00
1.000000e+00
1.277778e+00
1.138889e+00
3.333333e-01
1.000000e+00
1.500000e+00
1.000000e+00
1.222222e+00
1.083333e+00
3.611111e-01
6.388889e-01
4.444444e-01
1.361111e+00
1.500000e+00
1.194444e+00
1.055556e+00
1.194444e+00
6.111111e-01
4.166667e-01
6.111111e-01
1.111111e+00
8.888889e-01
9.722222e-01
9.166667e-01
1.194444e+00
1.194444e+00
6.944444e-01
1.750000e+00
9.444444e-01
1.138889e+00
1.333333e+00
5.555556e-01
1.083333e+00
2.222222e-01
1.583333e+00
7.777778e-01
1.222222e+00
1.250000e+00
4.444444e-01
1.055556e+00
7.777778e-01
1.638889e+00
1.944444e+00
5.555556e-01
3.611111e-01
1.222222e+00
1.388889e+00
1.083333e+00
1.805556e+00
8.333333e-01
5.555556e-01
8.333333e-02
8.055556e-01
3.055556e-01
9.722222e-01
1.416667e+00
8.333333e-01
6.388889e-01
1.361111e+00
1.333333e+00
1.555556e+00
9.444444e-01
8.888889e-01
1.388889e+00
1.111111e+00
1.194444e+00
1.333333e+00
4.722222e-01
1.361111e+00
1.333333e+00
9.722222e-01
1.277778e+00
9.166667e-01
4.722222e-01
6.388889e-01
4.722222e-01
1.416667e+00
1.555556e+00
1.055556e+00
7.777778e-01
1.583333e+00
2.500000e-01
2.500000e-01
4.444444e-01
8.333333e-01
1.194444e+00
9.444444e-01
1.055556e+00
1.194444e+00
1.305556e+00
6.666667e-01
1.500000e+00
8.333333e-01
9.166667e-01
1.500000e+00
6.944444e-01
6.388889e-01
4.722222e-01
1.305556e+00
1.194444e+00
1.416667e+00
1.388889e+00
7.222222e-01
7.222222e-01
1.138889e+00
1.277778e+00
1.861111e+00
5.000000e-01
3.888889e-01
1.000000e+00
8.611111e-01
1.305556e+00
1.583333e+00
1.000000e+00
1.083333e+00
8.333333e-02
8.055556e-01
4.722222e-01
1.166667e+00
1.250000e+00
1.277778e+00
6.666667e-01
1.194444e+00
1.222222e+00
1.305556e+00
8.888889e-01
9.722222e-01
1.611111e+00
7.500000e-01
1.250000e+00
1.027778e+00
8.611111e-01
1.361111e+00
1.111111e+00
9.444444e-01
1.166667e+00
9.166667e-01
1.111111e+00
1.138889e+00
5.555556e-01
1.333333e+00
1.611111e+00
1.250000e+00
1.111111e+00
1.527778e+00
5.555556e-02
4.444444e-01
1.388889e-01
1.000000e+00
1.083333e+00
9.444444e-01
9.166667e-01
1.277778e+00
1.416667e+00
4.444444e-01
1.527778e+00
5.000000e-01
6.666667e-01
1.138889e+00
9.166667e-01
8.611111e-01
5.555556e-01
1.333333e+00
1.388889e+00
1.388889e+00
1.555556e+00
1.111111e+00
5.000000e-01
1.055556e+00
7.500000e-01
1.583333e+00
3.055556e-01
8.055556e-01
9.166667e-01
4.722222e-01
1.000000e+00
1.416667e+00
1.250000e+00
1.361111e+00
3.333333e-01
7.777778e-01
9.166667e-01
1.166667e+00
1.444444e+00
1.583333e+00
9.444444e-01
1.000000e+00
7.777778e-01
1.194444e+00
8.888889e-01
1.166667e+00
1.638889e+00
4.444444e-01
6.111111e-01
1.416667e+00
6.944444e-01
1.416667e+00
1.361111e+00
6.388889e-01
1.305556e+00
1.361111e+00
1.083333e+00
1.111111e+00
1.000000e+00
1.250000e+00
1.861111e+00
9.722222e-01
1.583333e+00
1.666667e+00
8.333333e-02
4.444444e-01
3.333333e-01
6.944444e-01
1.222222e+00
1.055556e+00
6.111111e-01
1.222222e+00
1.277778e+00
4.444444e-01
4.722222e-01
1.083333e+00
6.666667e-01
9.166667e-01
1.166667e+00
8.333333e-01
9.722222e-01
1.138889e+00
1.138889e+00
1.305556e+00
1.222222e+00
1.277778e+00
8.888889e-01
6.666667e-01
6.944444e-01
1.638889e+00
7.777778e-01
8.333333e-01
1.194444e+00
5.277778e-01
7.222222e-01
1.222222e+00
1.111111e+00
1.694444e+00
8.055556e-01
7.777778e-01
1.111111e+00
1.138889e+00
1.527778e+00
1.916667e+00
1.027778e+00
9.722222e-01
2.777778e-01
7.777778e-01
6.111111e-01
4.444444e-01
1.277778e+00
6.388889e-01
4.166667e-01
1.583333e+00
9.444444e-01
1.472222e+00
1.333333e+00
6.111111e-01
1.361111e+00
1.305556e+00
1.166667e+00
8.611111e-01
6.388889e-01
8.611111e-01
1.527778e+00
8.055556e-01
1.333333e+00
1.333333e+00
2.777778e-01
4.722222e-01
6.666667e-01
9.444444e-01
1.722222e+00
1.166667e+00
8.888889e-01
1.361111e+00
7.777778e-01
5.833333e-01
2.777778e-01
1.333333e+00
6.666667e-01
9.166667e-01
1.138889e+00
1.000000e+00
1.388889e+00
9.166667e-01
1.194444e+00
1.250000e+00
1.166667e+00
1.083333e+00
1.000000e+00
6.944444e-01
4.166667e-01
1.833333e+00
7.777778e-01
9.444444e-01
1.444444e+00
6.666667e-01
8.888889e-01
9.722222e-01
1.222222e+00
1.694444e+00
1.000000e+00
4.444444e-01
1.083333e+00
1.305556e+00
9.444444e-01
1.777778e+00
9.444444e-01
9.166667e-01
0.000000e+00
8.888889e-01
3.055556e-01
4.166667e-01
1.527778e+00
1.083333e+00
4.722222e-01
1.555556e+00
7.777778e-01
1.444444e+00
1.166667e+00
6.111111e-01
1.388889e+00
1.361111e+00
8.888889e-01
1.083333e+00
8.055556e-01
1.027778e+00
1.500000e+00
5.833333e-01
1.611111e+00
1.055556e+00
4.722222e-01
4.444444e-01
6.388889e-01
1.027778e+00
1.777778e+00
1.027778e+00
8.055556e-01
1.500000e+00
5.277778e-01
4.444444e-01
3.055556e-01
9.166667e-01
9.722222e-01
1.083333e+00
1.083333e+00
1.000000e+00
1.416667e+00
8.888889e-01
8.611111e-01
1.388889e+00
7.500000e-01
1.111111e+00
1.111111e+00
5.833333e-01
5.277778e-01
1.750000e+00
8.611111e-01
1.222222e+00
1.555556e+00
9.166667e-01
7.500000e-01
1.000000e+00
1.111111e+00
1.361111e+00
1.055556e+00
2.777778e-01
1.055556e+00
9.722222e-01
8.055556e-01
1.916667e+00
1.055556e+00
1.333333e+00
1.944444e-01
8.333333e-01
4.722222e-01
6.666667e-01
1.527778e+00
1.111111e+00
6.666667e-01
1.166667e+00
5.277778e-01
1.111111e+00
1.166667e+00
7.222222e-01
1.583333e+00
9.722222e-01
4.722222e-01
1.305556e+00
7.222222e-01
1.333333e+00
1.305556e+00
5.555556e-01
1.333333e+00
1.055556e+00
8.888889e-01
8.055556e-01
7.777778e-01
1.055556e+00
1.638889e+00
1.222222e+00
1.222222e+00
1.722222e+00
1.388889e-01
4.444444e-01
4.166667e-01
6.944444e-01
1.166667e+00
9.444444e-01
9.444444e-01
1.027778e+00
1.583333e+00
6.666667e-01
7.777778e-01
1.222222e+00
4.722222e-01
1.000000e+00
1.055556e+00
6.666667e-01
7.500000e-01
1.555556e+00
9.444444e-01
1.361111e+00
1.638889e+00
9.722222e-01
8.888889e-01
8.333333e-01
8.888889e-01
1.500000e+00
7.500000e-01
4.722222e-01
1.111111e+00
6.944444e-01
5.277778e-01
1.666667e+00
1.027778e+00
1.416667e+00
5.833333e-01
8.888889e-01
7.500000e-01
8.611111e-01
1.527778e+00
1.583333e+00
9.166667e-01
1.111111e+00
3.055556e-01
6.666667e-01
7.222222e-01
1.944444e-01
1.305556e+00
8.333333e-01
2.777778e-01
1.222222e+00
8.333333e-01
1.416667e+00
1.222222e+00
9.722222e-01
1.083333e+00
1.416667e+00
1.111111e+00
6.388889e-01
1.166667e+00
1.166667e+00
1.722222e+00
1.277778e+00
1.694444e+00
1.250000e+00
6.111111e-01
5.277778e-01
4.722222e-01
3.888889e-01
8.333333e-01
1.277778e+00
8.611111e-01
1.055556e+00
1.444444e+00
5.833333e-01
4.722222e-01
8.611111e-01
8.055556e-01
9.166667e-01
1.250000e+00
7.500000e-01
9.166667e-01
8.333333e-01
1.083333e+00
1.555556e+00
1.166667e+00
1.138889e+00
1.083333e+00
8.333333e-01
6.388889e-01
1.805556e+00
1.000000e+00
8.055556e-01
1.055556e+00
6.944444e-01
4.166667e-01
1.277778e+00
9.722222e-01
1.666667e+00
1.083333e+00
5.277778e-01
9.444444e-01
1.333333e+00
1.611111e+00
1.555556e+00
1.277778e+00
8.888889e-01
5.555556e-02
6.666667e-01
4.444444e-01
1.944444e-01
1.722222e+00
9.722222e-01
6.666667e-01
1.555556e+00
1.083333e+00
1.527778e+00
1.250000e+00
8.611111e-01
9.722222e-01
1.527778e+00
1.000000e+00
6.111111e-01
7.222222e-01
7.500000e-01
1.277778e+00
1.138889e+00
1.444444e+00
9.722222e-01
7.222222e-01
4.444444e-01
7.222222e-01
7.777778e-01
1.277778e+00
1.444444e+00
1.083333e+00
1.416667e+00
8.333333e-01
6.388889e-01
4.444444e-01
9.166667e-01
9.444444e-01
9.722222e-01
1.194444e+00
6.944444e-01
1.500000e+00
6.111111e-01
1.194444e+00
1.333333e+00
1.138889e+00
9.166667e-01
1.194444e+00
8.611111e-01
4.722222e-01
1.972222e+00
8.611111e-01
1.111111e+00
1.277778e+00
8.333333e-01
6.111111e-01
1.222222e+00
8.611111e-01
1.666667e+00
1.333333e+00
3.055556e-01
8.611111e-01
1.444444e+00
1.083333e+00
1.305556e+00
1.194444e+00
1.250000e+00
3.055556e-01
4.722222e-01
6.111111e-01
6.666667e-01
1.638889e+00
9.166667e-01
9.444444e-01
1.500000e+00
1.111111e+00
1.361111e+00
1.194444e+00
6.388889e-01
1.250000e+00
1.444444e+00
6.944444e-01
8.611111e-01
6.944444e-01
1.055556e+00
1.277778e+00
1.083333e+00
1.388889e+00
1.083333e+00
6.944444e-01
2.500000e-01
7.222222e-01
9.166667e-01
1.444444e+00
1.194444e+00
1.027778e+00
1.222222e+00
9.722222e-01
7.222222e-01
3.888889e-01
6.388889e-01
8.333333e-01
1.194444e+00
1.277778e+00
8.611111e-01
1.305556e+00
5.000000e-01
9.444444e-01
1.277778e+00
1.111111e+00
8.333333e-01
1.222222e+00
7.222222e-01
6.111111e-01
1.805556e+00
9.444444e-01
1.444444e+00
1.111111e+00
1.222222e+00
7.500000e-01
1.083333e+00
8.055556e-01
1.500000e+00
1.305556e+00
2.222222e-01
8.888889e-01
9.722222e-01
7.500000e-01
1.638889e+00
1.222222e+00
1.444444e+00
8.055556e-01
5.277778e-01
7.222222e-01
1.055556e+00
1.583333e+00
1.333333e+00
1.055556e+00
1.083333e+00
7.777778e-01
1.027778e+00
1.166667e+00
5.277778e-01
1.694444e+00
1.194444e+00
2.500000e-01
1.166667e+00
6.388889e-01
1.444444e+00
1.055556e+00
1.083333e+00
1.055556e+00
1.027778e+00
1.027778e+00
5.000000e-01
9.444444e-01
8.611111e-01
1.527778e+00
1.194444e+00
1.555556e+00
1.388889e+00
6.111111e-01
6.666667e-01
5.000000e-01
4.166667e-01
9.444444e-01
1.138889e+00
1.027778e+00
9.722222e-01
1.555556e+00
5.833333e-01
6.944444e-01
1.277778e+00
5.000000e-01
8.333333e-01
1.194444e+00
6.944444e-01
8.333333e-01
1.250000e+00
1.194444e+00
1.416667e+00
1.527778e+00
1.166667e+00
8.888889e-01
9.166667e-01
7.222222e-01
1.694444e+00
8.611111e-01
4.166667e-01
1.027778e+00
8.055556e-01
3.055556e-01
1.444444e+00
1.194444e+00
1.388889e+00
1.527778e+00
5.277778e-01
7.777778e-01
1.111111e+00
1.444444e+00
1.833333e+00
1.388889e+00
8.888889e-01
5.277778e-01
7.222222e-01
5.833333e-01
3.055556e-01
1.138889e+00
8.888889e-01
3.611111e-01
1.111111e+00
9.166667e-01
1.166667e+00
1.416667e+00
7.500000e-01
9.444444e-01
1.805556e+00
1.166667e+00
2.777778e-01
1.444444e+00
9.444444e-01
1.750000e+00
1.388889e+00
1.305556e+00
1.527778e+00
8.888889e-01
8.888889e-01
4.444444e-01
1.666667e-01
8.611111e-01
1.305556e+00
9.444444e-01
1.111111e+00
1.138889e+00
5.555556e-01
5.000000e-01
6.944444e-01
7.500000e-01
9.722222e-01
1.055556e+00
1.055556e+00
9.722222e-01
6.666667e-01
9.722222e-01
1.527778e+00
1.194444e+00
1.222222e+00
1.194444e+00
8.888889e-01
6.666667e-01
1.611111e+00
1.361111e+00
5.000000e-01
1.250000e+00
5.555556e-01
5.555556e-01
1.222222e+00
9.722222e-01
1.250000e+00
1.805556e+00
3.055556e-01
6.944444e-01
1.055556e+00
1.305556e+00
1.361111e+00
1.416667e+00
8.611111e-01
3.055556e-01
6.111111e-01
3.888889e-01
2.222222e-01
1.361111e+00
1.194444e+00
6.666667e-01
1.222222e+00
1.222222e+00
1.444444e+00
1.444444e+00
6.666667e-01
9.166667e-01
1.777778e+00
1.083333e+00
4.722222e-01
9.166667e-01
4.722222e-01
1.305556e+00
1.138889e+00
1.166667e+00
1.361111e+00
8.055556e-01
5.000000e-01
7.500000e-01
6.666667e-01
1.250000e+00
1.500000e+00
9.722222e-01
1.527778e+00
8.333333e-01
7.777778e-01
4.722222e-01
6.388889e-01
1.083333e+00
9.444444e-01
1.083333e+00
8.888889e-01
1.416667e+00
4.166667e-01
9.722222e-01
1.388889e+00
1.027778e+00
1.166667e+00
1.222222e+00
8.888889e-01
6.388889e-01
1.888889e+00
1.250000e+00
7.222222e-01
1.388889e+00
9.166667e-01
5.555556e-01
1.333333e+00
6.944444e-01
1.333333e+00
1.611111e+00
3.055556e-01
6.388889e-01
7.222222e-01
8.333333e-01
1.694444e+00
1.361111e+00
8.888889e-01
8.888889e-01
3.888889e-01
6.666667e-01
4.722222e-01
1.361111e+00
1.055556e+00
1.083333e+00
1.194444e+00
1.166667e+00
1.277778e+00
1.361111e+00
5.000000e-01
1.166667e+00
1.833333e+00
6.944444e-01
6.944444e-01
9.722222e-01
7.222222e-01
1.333333e+00
1.111111e+00
1.222222e+00
1.222222e+00
8.611111e-01
3.055556e-01
7.500000e-01
8.055556e-01
1.416667e+00
1.250000e+00
9.166667e-01
1.333333e+00
9.722222e-01
8.611111e-01
3.055556e-01
4.166667e-01
8.611111e-01
1.388889e+00
9.166667e-01
1.138889e+00
1.333333e+00
3.333333e-01
1.083333e+00
1.194444e+00
9.166667e-01
9.722222e-01
1.361111e+00
8.611111e-01
5.000000e-01
1.777778e+00
9.166667e-01
1.138889e+00
1.388889e+00
1.194444e+00
8.055556e-01
1.194444e+00
7.500000e-01
1.638889e+00
1.222222e+00
1.944444e-01
1.055556e+00
6.111111e-01
5.277778e-01
1.250000e+00
1.250000e+00
1.166667e+00
1.222222e+00
5.277778e-01
6.666667e-01
9.444444e-01
1.222222e+00
1.583333e+00
1.194444e+00
7.500000e-01
8.333333e-01
1.138889e+00
1.111111e+00
4.444444e-01
1.555556e+00
1.583333e+00
3.055556e-01
1.055556e+00
8.888889e-01
9.166667e-01
1.361111e+00
9.444444e-01
9.444444e-01
1.250000e+00
1.138889e+00
1.944444e-01
1.166667e+00
8.611111e-01
1.361111e+00
1.305556e+00
1.305556e+00
1.666667e+00
7.222222e-01
9.722222e-01
4.444444e-01
2.222222e-01
9.722222e-01
1.250000e+00
9.444444e-01
1.000000e+00
1.416667e+00
4.166667e-01
9.166667e-01
1.111111e+00
4.444444e-01
9.166667e-01
1.000000e+00
1.027778e+00
7.777778e-01
1.194444e+00
1.000000e+00
1.277778e+00
1.611111e+00
1.194444e+00
1.083333e+00
9.722222e-01
7.500000e-01
