1.319298e+00
1.543860e+00
1.628070e+00
1.010526e+00
1.178947e+00
1.908772e+00
1.684211e+00
1.600000e+00
9.543860e-01
1.600000e+00
1.403509e+00
1.600000e+00
1.375439e+00
8.701754e-01
7.298246e-01
8.421053e-01
6.736842e-01
1.122807e-01
1.543860e+00
1.066667e+00
1.375439e+00
5.614035e-01
8.982456e-01
4.491228e-01
6.736842e-01
9.263158e-01
5.614035e-02
6.736842e-01
1.684211e-01
6.456140e-01
7.298246e-01
0.000000e+00
2.245614e-01
5.894737e-01
3.368421e-01
7.859649e-01
8.421053e-02
3.649123e-01
1.964912e-01
2.245614e-01
1.066667e+00
9.543860e-01
1.066667e+00
1.656140e+00
1.403509e+00
7.298246e-01
6.456140e-01
9.543860e-01
8.140351e-01
1.628070e+00
1.094737e+00
2.021053e+00
1.010526e+00
7.017544e-01
1.571930e+00
1.291228e+00
1.431579e+00
1.347368e+00
9.824561e-01
1.431579e+00
1.431579e+00
1.459649e+00
1.347368e+00
1.347368e+00
1.684211e+00
1.656140e+00
1.431579e+00
9.263158e-01
1.178947e+00
1.936842e+00
1.684211e+00
1.600000e+00
9.263158e-01
1.515789e+00
1.768421e+00
1.431579e+00
1.235088e+00
1.207018e+00
1.066667e+00
9.263158e-01
7.017544e-01
4.210526e-01
1.515789e+00
1.347368e+00
1.403509e+00
5.894737e-01
8.982456e-01
4.491228e-01
3.087719e-01
8.982456e-01
3.649123e-01
6.175439e-01
1.964912e-01
6.456140e-01
7.017544e-01
2.245614e-01
5.894737e-01
6.175439e-01
2.526316e-01
7.017544e-01
1.403509e-01
2.245614e-01
4.210526e-01
0.000000e+00
6.456140e-01
7.298246e-01
1.066667e+00
1.515789e+00
1.066667e+00
6.736842e-01
4.771930e-01
9.263158e-01
8.701754e-01
1.319298e+00
8.421053e-01
1.992982e+00
1.403509e+00
7.017544e-01
1.291228e+00
1.178947e+00
1.431579e+00
1.543860e+00
8.701754e-01
1.712281e+00
1.403509e+00
1.263158e+00
1.263158e+00
1.403509e+00
1.543860e+00
1.908772e+00
1.207018e+00
1.263158e+00
1.684211e+00
1.459649e+00
1.375439e+00
1.459649e+00
9.543860e-01
1.656140e+00
1.712281e+00
1.094737e+00
1.150877e+00
1.936842e+00
1.515789e+00
1.150877e+00
8.982456e-01
5.052632e-01
1.600000e+00
1.768421e+00
1.122807e+00
5.052632e-01
8.140351e-01
5.333333e-01
3.368421e-01
5.333333e-01
6.456140e-01
7.017544e-01
6.736842e-01
6.456140e-01
5.333333e-01
3.649123e-01
7.859649e-01
8.140351e-01
0.000000e+00
6.736842e-01
1.403509e-01
2.807018e-01
6.736842e-01
0.000000e+00
2.245614e-01
4.491228e-01
9.263158e-01
1.094737e+00
6.736842e-01
6.736842e-01
2.807018e-02
7.298246e-01
1.094737e+00
1.235088e+00
8.421053e-01
1.964912e+00
1.403509e+00
7.017544e-01
1.375439e+00
1.207018e+00
1.319298e+00
1.600000e+00
1.178947e+00
1.684211e+00
1.178947e+00
1.038596e+00
1.487719e+00
1.263158e+00
1.656140e+00
1.571930e+00
9.543860e-01
1.459649e+00
1.235088e+00
1.992982e+00
1.207018e+00
1.852632e+00
1.347368e+00
1.684211e+00
1.824561e+00
1.094737e+00
1.235088e+00
1.684211e+00
1.571930e+00
1.178947e+00
8.421053e-01
1.122807e+00
1.487719e+00
1.628070e+00
1.319298e+00
5.614035e-01
5.894737e-01
5.894737e-01
3.368421e-01
3.929825e-01
1.094737e+00
1.010526e+00
9.824561e-01
8.421053e-01
1.010526e+00
4.491228e-01
8.982456e-01
7.017544e-01
0.000000e+00
5.333333e-01
1.403509e-01
2.526316e-01
5.614035e-01
0.000000e+00
2.245614e-01
6.736842e-01
4.491228e-01
8.982456e-01
3.929825e-01
6.736842e-01
1.964912e-01
3.368421e-01
8.701754e-01
1.150877e+00
1.150877e+00
1.880702e+00
1.347368e+00
5.333333e-01
1.066667e+00
1.066667e+00
9.824561e-01
1.403509e+00
1.150877e+00
1.740351e+00
1.375439e+00
7.017544e-01
1.600000e+00
1.235088e+00
1.207018e+00
1.459649e+00
1.094737e+00
1.207018e+00
1.600000e+00
1.319298e+00
1.291228e+00
1.600000e+00
1.515789e+00
1.684211e+00
1.459649e+00
9.263158e-01
8.701754e-01
2.217544e+00
1.712281e+00
1.487719e+00
6.456140e-01
1.600000e+00
1.291228e+00
1.628070e+00
1.459649e+00
9.824561e-01
6.456140e-01
1.122807e+00
4.491228e-01
2.807018e-01
1.178947e+00
1.319298e+00
1.150877e+00
9.263158e-01
5.614035e-01
8.140351e-01
6.175439e-01
8.982456e-01
1.403509e-01
6.736842e-01
0.000000e+00
6.736842e-01
6.736842e-01
1.964912e-01
5.614035e-02
7.298246e-01
2.526316e-01
8.982456e-01
8.421053e-02
1.122807e-01
4.491228e-01
2.245614e-01
8.701754e-01
1.122807e+00
1.010526e+00
1.487719e+00
1.459649e+00
7.298246e-01
8.701754e-01
9.263158e-01
8.421053e-01
1.150877e+00
1.347368e+00
1.880702e+00
1.431579e+00
8.701754e-01
1.010526e+00
1.600000e+00
1.375439e+00
1.656140e+00
8.421053e-01
1.571930e+00
1.571930e+00
1.122807e+00
1.263158e+00
1.487719e+00
1.712281e+00
1.684211e+00
1.319298e+00
9.263158e-01
9.263158e-01
2.245614e+00
1.571930e+00
1.712281e+00
7.298246e-01
1.571930e+00
1.684211e+00
1.543860e+00
1.150877e+00
1.291228e+00
1.207018e+00
8.982456e-01
4.771930e-01
5.333333e-01
1.207018e+00
1.431579e+00
1.403509e+00
8.982456e-01
3.649123e-01
1.010526e+00
3.087719e-01
8.982456e-01
1.964912e-01
7.859649e-01
8.421053e-02
6.175439e-01
6.456140e-01
4.210526e-01
3.649123e-01
7.298246e-01
3.368421e-01
7.298246e-01
0.000000e+00
1.684211e-01
6.175439e-01
0.000000e+00
6.736842e-01
7.017544e-01
8.982456e-01
1.515789e+00
1.094737e+00
5.614035e-01
7.859649e-01
8.701754e-01
5.614035e-01
1.150877e+00
1.291228e+00
1.515789e+00
1.824561e+00
9.263158e-01
7.578947e-01
1.571930e+00
1.150877e+00
1.431579e+00
1.319298e+00
1.768421e+00
1.263158e+00
1.038596e+00
1.319298e+00
1.459649e+00
1.571930e+00
1.908772e+00
1.263158e+00
1.010526e+00
1.543860e+00
1.712281e+00
1.235088e+00
1.656140e+00
9.824561e-01
1.628070e+00
1.431579e+00
1.319298e+00
1.094737e+00
1.936842e+00
1.684211e+00
1.094737e+00
4.491228e-01
8.140351e-01
1.319298e+00
1.796491e+00
1.319298e+00
6.736842e-01
3.368421e-01
1.038596e+00
3.368421e-01
5.333333e-01
4.491228e-01
8.982456e-01
4.210526e-01
8.982456e-01
2.807018e-01
6.175439e-01
5.614035e-01
9.263158e-01
1.122807e-01
6.736842e-01
0.000000e+00
2.526316e-01
8.421053e-01
0.000000e+00
2.807018e-01
4.491228e-01
6.736842e-01
1.122807e+00
7.298246e-01
4.210526e-01
4.491228e-01
6.736842e-01
8.701754e-01
1.235088e+00
1.207018e+00
1.431579e+00
1.684211e+00
8.982456e-01
1.066667e+00
1.431579e+00
8.421053e-01
1.291228e+00
1.235088e+00
1.908772e+00
1.263158e+00
1.038596e+00
1.094737e+00
1.515789e+00
1.656140e+00
1.628070e+00
1.066667e+00
1.038596e+00
1.600000e+00
1.684211e+00
1.431579e+00
1.824561e+00
1.431579e+00
1.515789e+00
1.740351e+00
1.150877e+00
1.122807e+00
1.796491e+00
1.684211e+00
1.178947e+00
3.368421e-01
1.487719e+00
1.094737e+00
1.796491e+00
1.291228e+00
9.543860e-01
2.526316e-01
9.263158e-01
3.368421e-01
3.929825e-01
8.982456e-01
1.178947e+00
7.298246e-01
1.094737e+00
5.614035e-01
9.263158e-01
6.736842e-01
8.140351e-01
1.122807e-01
5.333333e-01
0.000000e+00
2.526316e-01
6.736842e-01
2.807018e-02
2.245614e-01
6.736842e-01
2.807018e-01
8.421053e-01
5.052632e-01
3.368421e-01
6.456140e-01
3.368421e-01
7.017544e-01
1.122807e+00
1.347368e+00
1.571930e+00
1.543860e+00
6.736842e-01
8.701754e-01
1.235088e+00
1.263158e+00
1.178947e+00
1.263158e+00
1.403509e+00
1.852632e+00
3.929825e-01
1.375439e+00
1.403509e+00
1.543860e+00
1.431579e+00
1.094737e+00
1.038596e+00
1.600000e+00
1.291228e+00
1.431579e+00
1.347368e+00
1.207018e+00
1.908772e+00
1.235088e+00
1.487719e+00
8.701754e-01
1.796491e+00
1.628070e+00
1.740351e+00
9.543860e-01
1.515789e+00
1.263158e+00
1.515789e+00
1.459649e+00
1.291228e+00
7.578947e-01
6.175439e-01
5.052632e-01
4.491228e-01
9.543860e-01
1.347368e+00
1.122807e+00
1.010526e+00
3.649123e-01
9.263158e-01
4.210526e-01
1.010526e+00
2.245614e-01
3.087719e-01
3.649123e-01
5.894737e-01
5.052632e-01
4.491228e-01
2.526316e-01
5.614035e-01
4.210526e-01
6.175439e-01
3.649123e-01
1.122807e-01
4.491228e-01
2.807018e-02
1.094737e+00
9.824561e-01
1.094737e+00
1.263158e+00
1.600000e+00
8.421053e-01
8.982456e-01
7.017544e-01
1.150877e+00
1.010526e+00
1.319298e+00
1.263158e+00
1.964912e+00
5.333333e-01
1.094737e+00
1.263158e+00
1.656140e+00
1.600000e+00
9.263158e-01
1.122807e+00
1.768421e+00
1.178947e+00
1.347368e+00
1.291228e+00
1.403509e+00
1.992982e+00
1.263158e+00
1.319298e+00
9.263158e-01
1.684211e+00
1.796491e+00
1.712281e+00
9.263158e-01
1.600000e+00
1.319298e+00
1.796491e+00
1.178947e+00
1.291228e+00
1.150877e+00
8.140351e-01
6.456140e-01
5.894737e-01
1.094737e+00
1.319298e+00
1.347368e+00
1.150877e+00
3.649123e-01
8.140351e-01
1.122807e-01
1.010526e+00
2.807018e-01
5.333333e-01
3.368421e-01
5.333333e-01
2.807018e-01
8.701754e-01
3.649123e-01
5.614035e-01
5.052632e-01
3.649123e-01
3.649123e-01
1.684211e-01
6.175439e-01
0.000000e+00
9.824561e-01
6.736842e-01
8.421053e-01
1.263158e+00
1.347368e+00
7.859649e-01
7.578947e-01
4.491228e-01
1.291228e+00
1.263158e+00
1.207018e+00
1.207018e+00
1.628070e+00
8.421053e-01
1.263158e+00
1.122807e+00
1.291228e+00
1.403509e+00
1.375439e+00
1.235088e+00
1.740351e+00
7.298246e-01
1.487719e+00
1.487719e+00
1.628070e+00
2.105263e+00
1.038596e+00
1.291228e+00
1.487719e+00
1.515789e+00
1.431579e+00
1.403509e+00
7.859649e-01
1.740351e+00
1.375439e+00
1.487719e+00
1.094737e+00
1.740351e+00
1.684211e+00
1.263158e+00
8.701754e-01
6.736842e-01
1.122807e+00
1.712281e+00
1.515789e+00
7.578947e-01
3.649123e-01
7.298246e-01
1.964912e-01
7.578947e-01
5.052632e-01
6.736842e-01
4.491228e-01
1.038596e+00
5.614035e-02
7.578947e-01
4.771930e-01
8.140351e-01
3.087719e-01
3.087719e-01
3.649123e-01
2.245614e-01
6.736842e-01
1.964912e-01
7.017544e-01
2.807018e-01
6.175439e-01
1.066667e+00
9.543860e-01
4.771930e-01
4.491228e-01
2.526316e-01
1.122807e+00
1.122807e+00
1.291228e+00
1.403509e+00
1.459649e+00
8.421053e-01
1.010526e+00
8.140351e-01
1.122807e+00
1.319298e+00
1.207018e+00
1.403509e+00
1.712281e+00
6.175439e-01
1.263158e+00
1.543860e+00
1.740351e+00
1.852632e+00
8.982456e-01
1.094737e+00
1.684211e+00
1.403509e+00
1.796491e+00
1.459649e+00
1.291228e+00
1.543860e+00
1.824561e+00
1.459649e+00
9.543860e-01
1.684211e+00
1.515789e+00
1.347368e+00
6.736842e-01
1.347368e+00
9.263158e-01
1.684211e+00
1.515789e+00
1.038596e+00
3.368421e-01
6.175439e-01
3.929825e-01
5.052632e-01
7.298246e-01
1.122807e+00
7.859649e-01
1.178947e+00
3.649123e-01
1.038596e+00
4.771930e-01
8.982456e-01
2.245614e-01
1.122807e-01
4.210526e-01
2.245614e-01
4.771930e-01
2.526316e-01
4.210526e-01
4.491228e-01
4.491228e-01
7.017544e-01
7.017544e-01
3.368421e-01
6.456140e-01
1.403509e-01
1.122807e+00
9.824561e-01
1.038596e+00
1.122807e+00
1.515789e+00
1.347368e+00
7.578947e-01
5.894737e-01
1.319298e+00
8.701754e-01
1.291228e+00
1.459649e+00
1.768421e+00
8.701754e-01
1.038596e+00
1.515789e+00
1.459649e+00
1.347368e+00
1.291228e+00
9.543860e-01
1.600000e+00
1.375439e+00
1.515789e+00
1.235088e+00
1.178947e+00
1.656140e+00
1.403509e+00
1.459649e+00
9.824561e-01
1.347368e+00
1.880702e+00
1.964912e+00
9.543860e-01
1.347368e+00
1.066667e+00
1.712281e+00
1.543860e+00
1.263158e+00
9.263158e-01
5.614035e-01
4.491228e-01
4.491228e-01
5.614035e-01
1.319298e+00
1.291228e+00
1.235088e+00
4.491228e-01
9.263158e-01
3.087719e-01
7.859649e-01
5.052632e-01
1.964912e-01
5.333333e-01
4.210526e-01
4.771930e-01
6.456140e-01
2.526316e-01
4.210526e-01
3.649123e-01
6.456140e-01
4.771930e-01
1.964912e-01
4.491228e-01
0.000000e+00
1.094737e+00
5.894737e-01
7.859649e-01
1.010526e+00
1.403509e+00
1.207018e+00
5.894737e-01
4.210526e-01
1.150877e+00
8.421053e-01
1.207018e+00
1.207018e+00
1.824561e+00
1.178947e+00
8.140351e-01
1.375439e+00
1.403509e+00
1.600000e+00
1.291228e+00
1.066667e+00
1.628070e+00
1.263158e+00
1.487719e+00
1.150877e+00
1.543860e+00
1.824561e+00
1.291228e+00
1.347368e+00
1.066667e+00
1.319298e+00
1.908772e+00
1.796491e+00
8.140351e-01
1.207018e+00
1.291228e+00
1.992982e+00
1.291228e+00
1.178947e+00
1.375439e+00
9.263158e-01
7.017544e-01
6.456140e-01
7.298246e-01
1.235088e+00
1.543860e+00
1.319298e+00
4.491228e-01
7.017544e-01
5.614035e-02
6.736842e-01
4.771930e-01
5.333333e-01
4.771930e-01
4.210526e-01
4.491228e-01
8.701754e-01
2.807018e-01
4.771930e-01
4.491228e-01
4.771930e-01
4.771930e-01
1.684211e-01
4.210526e-01
1.964912e-01
7.298246e-01
2.245614e-01
4.491228e-01
1.038596e+00
8.421053e-01
8.421053e-01
4.491228e-01
2.245614e-01
1.291228e+00
1.122807e+00
1.122807e+00
1.038596e+00
1.880702e+00
1.235088e+00
8.701754e-01
1.263158e+00
1.319298e+00
1.403509e+00
1.347368e+00
1.347368e+00
1.459649e+00
1.122807e+00
1.431579e+00
1.319298e+00
1.487719e+00
1.880702e+00
1.431579e+00
1.150877e+00
1.600000e+00
1.403509e+00
1.403509e+00
1.543860e+00
7.578947e-01
1.347368e+00
1.459649e+00
1.628070e+00
1.094737e+00
1.459649e+00
2.105263e+00
1.319298e+00
9.824561e-01
6.736842e-01
5.614035e-01
1.880702e+00
1.684211e+00
8.140351e-01
5.333333e-01
6.175439e-01
1.403509e-01
5.614035e-01
5.333333e-01
5.894737e-01
6.736842e-01
9.543860e-01
2.245614e-01
7.578947e-01
3.368421e-01
6.456140e-01
6.175439e-01
1.964912e-01
4.771930e-01
2.245614e-01
4.771930e-01
3.929825e-01
4.491228e-01
2.245614e-01
4.491228e-01
7.298246e-01
6.736842e-01
5.614035e-01
6.456140e-01
1.122807e-01
1.122807e+00
1.010526e+00
1.263158e+00
1.178947e+00
1.684211e+00
1.235088e+00
6.736842e-01
8.982456e-01
1.235088e+00
1.150877e+00
1.150877e+00
1.375439e+00
1.431579e+00
1.291228e+00
9.824561e-01
1.571930e+00
1.740351e+00
1.600000e+00
1.263158e+00
1.094737e+00
1.824561e+00
1.010526e+00
2.049123e+00
1.347368e+00
1.038596e+00
1.543860e+00
1.712281e+00
1.600000e+00
1.038596e+00
1.543860e+00
1.628070e+00
1.515789e+00
7.859649e-01
1.122807e+00
7.578947e-01
1.656140e+00
1.543860e+00
1.150877e+00
6.175439e-01
5.052632e-01
3.368421e-01
3.929825e-01
4.771930e-01
1.207018e+00
1.010526e+00
1.038596e+00
6.175439e-01
1.038596e+00
3.368421e-01
8.140351e-01
4.491228e-01
2.807018e-02
5.052632e-01
2.245614e-01
2.807018e-01
4.491228e-01
