1.061224e+00
1.170068e+00
1.387755e+00
1.224490e+00
1.088435e+00
9.795918e-01
7.619048e-01
1.306122e+00
9.523810e-01
1.061224e+00
4.625850e-01
1.360544e+00
1.333333e+00
9.795918e-01
9.523810e-01
9.251701e-01
8.707483e-01
1.904762e-01
5.170068e-01
1.006803e+00
1.442177e+00
1.170068e+00
1.142857e+00
9.251701e-01
1.904762e-01
3.537415e-01
8.435374e-01
3.537415e-01
8.979592e-01
8.707483e-01
1.823129e+00
8.707483e-01
8.707483e-01
5.170068e-01
2.993197e-01
4.081633e-01
5.986395e-01
1.251701e+00
1.088435e+00
1.088435e+00
1.061224e+00
1.496599e+00
8.435374e-01
4.897959e-01
8.707483e-01
1.034014e+00
1.088435e+00
1.278912e+00
9.523810e-01
1.387755e+00
1.115646e+00
3.537415e-01
1.224490e+00
1.360544e+00
1.659864e+00
1.061224e+00
1.578231e+00
1.442177e+00
1.551020e+00
6.258503e-01
6.530612e-01
1.251701e+00
1.360544e+00
1.659864e+00
1.197279e+00
1.387755e+00
1.605442e+00
1.006803e+00
5.442177e-01
9.251701e-01
8.435374e-01
1.387755e+00
1.115646e+00
8.435374e-01
7.346939e-01
1.605442e+00
1.659864e+00
8.707483e-01
5.986395e-01
1.142857e+00
8.979592e-01
5.170068e-01
4.353741e-01
8.163265e-01
1.360544e+00
1.278912e+00
1.306122e+00
7.619048e-01
1.904762e-01
2.176871e-01
8.435374e-01
7.074830e-01
1.224490e+00
8.979592e-01
1.687075e+00
7.891156e-01
6.802721e-01
2.448980e-01
3.809524e-01
4.353741e-01
5.170068e-01
9.251701e-01
1.142857e+00
1.278912e+00
1.034014e+00
1.659864e+00
7.074830e-01
4.353741e-01
7.346939e-01
1.333333e+00
1.224490e+00
1.115646e+00
9.795918e-01
1.442177e+00
1.034014e+00
1.632653e-01
1.088435e+00
1.523810e+00
1.551020e+00
1.115646e+00
1.442177e+00
1.306122e+00
1.278912e+00
6.530612e-01
9.795918e-01
1.142857e+00
1.523810e+00
1.523810e+00
1.496599e+00
1.251701e+00
1.360544e+00
1.224490e+00
4.353741e-01
8.979592e-01
1.197279e+00
1.523810e+00
9.251701e-01
7.619048e-01
1.115646e+00
1.251701e+00
1.877551e+00
9.795918e-01
6.258503e-01
1.251701e+00
9.795918e-01
7.891156e-01
4.081633e-01
1.224490e+00
1.442177e+00
1.034014e+00
1.387755e+00
5.170068e-01
3.265306e-01
4.081633e-01
5.442177e-01
6.258503e-01
9.523810e-01
1.197279e+00
1.442177e+00
1.061224e+00
4.081633e-01
2.176871e-01
7.891156e-01
5.170068e-01
6.802721e-01
9.523810e-01
1.469388e+00
8.979592e-01
1.251701e+00
1.061224e+00
4.625850e-01
2.448980e-01
6.258503e-01
1.088435e+00
9.795918e-01
1.387755e+00
1.034014e+00
1.578231e+00
1.006803e+00
2.721088e-01
1.115646e+00
1.115646e+00
1.632653e+00
1.197279e+00
1.115646e+00
1.551020e+00
1.333333e+00
4.625850e-01
9.795918e-01
1.632653e+00
1.142857e+00
1.278912e+00
1.931973e+00
1.414966e+00
1.197279e+00
8.435374e-01
3.537415e-01
1.034014e+00
1.414966e+00
1.523810e+00
7.074830e-01
7.891156e-01
1.523810e+00
1.306122e+00
1.414966e+00
1.006803e+00
5.986395e-01
1.251701e+00
8.707483e-01
9.795918e-01
2.721088e-01
1.197279e+00
1.578231e+00
1.034014e+00
1.387755e+00
7.891156e-01
6.530612e-01
4.081633e-01
4.625850e-01
9.795918e-01
1.115646e+00
1.088435e+00
1.224490e+00
8.979592e-01
4.081633e-01
2.176871e-01
1.006803e+00
2.721088e-01
7.891156e-01
8.979592e-01
1.469388e+00
1.061224e+00
1.142857e+00
8.979592e-01
2.993197e-01
3.265306e-01
6.530612e-01
1.170068e+00
1.142857e+00
7.891156e-01
7.891156e-01
1.278912e+00
8.163265e-01
4.081633e-01
1.061224e+00
1.061224e+00
1.251701e+00
1.850340e+00
1.034014e+00
1.632653e+00
1.442177e+00
4.897959e-01
1.142857e+00
1.605442e+00
1.387755e+00
9.523810e-01
1.496599e+00
1.578231e+00
1.469388e+00
8.979592e-01
6.258503e-01
1.061224e+00
1.170068e+00
1.823129e+00
1.142857e+00
1.006803e+00
1.578231e+00
1.251701e+00
1.034014e+00
1.115646e+00
7.891156e-01
1.061224e+00
1.142857e+00
8.979592e-01
4.625850e-01
1.387755e+00
1.306122e+00
7.891156e-01
1.251701e+00
7.891156e-01
8.163265e-01
2.721088e-01
5.986395e-01
6.258503e-01
1.251701e+00
1.469388e+00
1.224490e+00
1.006803e+00
2.993197e-01
3.537415e-01
5.170068e-01
4.625850e-01
1.115646e+00
7.891156e-01
1.251701e+00
1.414966e+00
8.979592e-01
3.537415e-01
4.081633e-01
3.809524e-01
5.170068e-01
1.142857e+00
1.224490e+00
1.197279e+00
1.061224e+00
1.197279e+00
1.387755e+00
4.897959e-01
5.442177e-01
1.034014e+00
1.088435e+00
1.360544e+00
7.891156e-01
1.115646e+00
1.306122e+00
4.897959e-01
9.251701e-01
1.333333e+00
1.714286e+00
1.442177e+00
1.442177e+00
1.551020e+00
1.088435e+00
9.251701e-01
6.530612e-01
1.306122e+00
1.251701e+00
1.632653e+00
1.061224e+00
1.142857e+00
1.795918e+00
1.115646e+00
6.802721e-01
8.707483e-01
8.435374e-01
1.387755e+00
1.442177e+00
7.346939e-01
6.258503e-01
1.659864e+00
1.605442e+00
7.619048e-01
1.034014e+00
7.074830e-01
8.435374e-01
5.170068e-01
5.986395e-01
6.258503e-01
1.006803e+00
1.496599e+00
1.306122e+00
9.795918e-01
2.448980e-01
2.176871e-01
5.170068e-01
6.258503e-01
1.551020e+00
8.707483e-01
1.170068e+00
1.360544e+00
7.619048e-01
2.448980e-01
3.265306e-01
4.081633e-01
4.353741e-01
1.034014e+00
1.034014e+00
1.360544e+00
1.142857e+00
1.088435e+00
1.387755e+00
4.897959e-01
4.081633e-01
1.278912e+00
1.197279e+00
1.251701e+00
7.074830e-01
1.278912e+00
1.387755e+00
1.360544e-01
9.795918e-01
1.115646e+00
1.877551e+00
1.414966e+00
1.061224e+00
1.442177e+00
1.251701e+00
7.891156e-01
8.435374e-01
1.442177e+00
1.278912e+00
1.387755e+00
1.442177e+00
1.387755e+00
1.333333e+00
1.278912e+00
5.986395e-01
8.707483e-01
1.061224e+00
1.414966e+00
1.333333e+00
4.353741e-01
1.115646e+00
1.333333e+00
1.659864e+00
9.795918e-01
1.006803e+00
9.251701e-01
7.619048e-01
8.435374e-01
5.714286e-01
1.061224e+00
1.088435e+00
1.469388e+00
1.170068e+00
8.163265e-01
3.809524e-01
3.265306e-01
6.258503e-01
2.448980e-01
1.278912e+00
9.523810e-01
1.306122e+00
1.442177e+00
5.170068e-01
2.176871e-01
4.353741e-01
7.891156e-01
6.802721e-01
9.795918e-01
1.197279e+00
1.115646e+00
1.333333e+00
7.891156e-01
7.891156e-01
2.993197e-01
4.353741e-01
9.795918e-01
1.088435e+00
1.387755e+00
8.163265e-01
1.333333e+00
1.605442e+00
1.904762e-01
7.346939e-01
1.061224e+00
1.605442e+00
1.605442e+00
8.707483e-01
1.578231e+00
1.469388e+00
6.530612e-01
9.523810e-01
1.496599e+00
1.523810e+00
1.142857e+00
1.795918e+00
1.659864e+00
1.170068e+00
1.088435e+00
3.537415e-01
8.979592e-01
1.170068e+00
1.578231e+00
9.795918e-01
4.625850e-01
1.414966e+00
1.551020e+00
1.360544e+00
9.795918e-01
7.891156e-01
1.061224e+00
9.795918e-01
8.707483e-01
4.353741e-01
1.034014e+00
1.224490e+00
1.251701e+00
1.523810e+00
7.891156e-01
5.442177e-01
4.897959e-01
5.442177e-01
3.809524e-01
1.442177e+00
1.088435e+00
1.142857e+00
1.197279e+00
5.170068e-01
2.176871e-01
6.530612e-01
5.442177e-01
8.707483e-01
8.707483e-01
1.061224e+00
1.387755e+00
1.197279e+00
6.802721e-01
5.714286e-01
3.265306e-01
4.897959e-01
1.061224e+00
1.115646e+00
9.795918e-01
7.619048e-01
8.163265e-01
1.469388e+00
4.081633e-01
6.258503e-01
1.088435e+00
1.387755e+00
1.959184e+00
8.163265e-01
9.523810e-01
1.197279e+00
8.707483e-01
7.074830e-01
1.414966e+00
1.578231e+00
1.578231e+00
1.551020e+00
1.414966e+00
1.632653e+00
9.795918e-01
5.170068e-01
8.979592e-01
1.387755e+00
1.741497e+00
8.979592e-01
9.795918e-01
1.632653e+00
1.333333e+00
1.006803e+00
1.224490e+00
7.619048e-01
1.142857e+00
1.115646e+00
9.523810e-01
7.074830e-01
1.197279e+00
1.061224e+00
1.006803e+00
1.251701e+00
7.346939e-01
7.891156e-01
4.897959e-01
6.530612e-01
4.081633e-01
1.170068e+00
1.387755e+00
1.197279e+00
1.170068e+00
4.353741e-01
5.442177e-02
7.619048e-01
4.897959e-01
9.251701e-01
6.258503e-01
1.387755e+00
1.523810e+00
1.170068e+00
4.353741e-01
3.809524e-01
4.353741e-01
1.904762e-01
1.306122e+00
9.795918e-01
1.224490e+00
1.115646e+00
1.142857e+00
1.523810e+00
6.258503e-01
2.993197e-01
1.306122e+00
8.707483e-01
1.278912e+00
8.435374e-01
1.142857e+00
1.251701e+00
5.714286e-01
6.530612e-01
1.251701e+00
1.632653e+00
1.551020e+00
1.278912e+00
1.306122e+00
1.360544e+00
9.523810e-01
5.986395e-01
1.142857e+00
1.442177e+00
1.768707e+00
1.115646e+00
9.795918e-01
1.931973e+00
1.306122e+00
5.170068e-01
9.523810e-01
7.619048e-01
1.333333e+00
1.278912e+00
9.523810e-01
7.619048e-01
1.387755e+00
1.469388e+00
1.034014e+00
1.251701e+00
4.353741e-01
8.435374e-01
7.074830e-01
6.802721e-01
4.081633e-01
1.115646e+00
1.387755e+00
1.115646e+00
1.115646e+00
3.265306e-01
0.000000e+00
6.802721e-01
6.530612e-01
1.170068e+00
8.979592e-01
1.088435e+00
1.741497e+00
1.170068e+00
1.904762e-01
3.265306e-01
4.353741e-01
2.176871e-01
9.523810e-01
1.142857e+00
1.170068e+00
1.034014e+00
1.142857e+00
1.496599e+00
6.258503e-01
1.360544e-01
1.551020e+00
9.795918e-01
1.278912e+00
9.523810e-01
1.170068e+00
1.605442e+00
5.714286e-01
5.714286e-01
1.224490e+00
1.387755e+00
1.469388e+00
9.523810e-01
1.278912e+00
1.333333e+00
9.251701e-01
6.258503e-01
1.197279e+00
1.659864e+00
1.523810e+00
1.414966e+00
1.061224e+00
1.714286e+00
1.306122e+00
6.258503e-01
1.006803e+00
6.802721e-01
1.578231e+00
1.197279e+00
9.523810e-01
9.251701e-01
1.333333e+00
1.360544e+00
1.251701e+00
1.115646e+00
6.530612e-01
8.163265e-01
7.074830e-01
8.163265e-01
6.530612e-01
1.224490e+00
1.306122e+00
1.306122e+00
9.523810e-01
3.265306e-01
2.176871e-01
8.979592e-01
2.448980e-01
8.163265e-01
1.088435e+00
1.197279e+00
1.768707e+00
7.891156e-01
5.442177e-02
3.809524e-01
8.707483e-01
6.258503e-01
7.074830e-01
1.251701e+00
1.251701e+00
1.442177e+00
9.795918e-01
8.163265e-01
4.353741e-01
2.721088e-02
1.387755e+00
8.163265e-01
1.197279e+00
1.034014e+00
8.707483e-01
1.333333e+00
7.074830e-01
4.897959e-01
1.224490e+00
1.142857e+00
1.714286e+00
7.074830e-01
1.360544e+00
1.578231e+00
8.435374e-01
7.074830e-01
1.523810e+00
1.659864e+00
1.306122e+00
1.823129e+00
1.360544e+00
1.414966e+00
1.197279e+00
4.081633e-01
7.346939e-01
1.061224e+00
1.714286e+00
8.163265e-01
6.530612e-01
1.387755e+00
1.578231e+00
1.088435e+00
1.251701e+00
8.707483e-01
9.523810e-01
1.061224e+00
8.707483e-01
6.802721e-01
6.258503e-01
1.306122e+00
1.278912e+00
1.605442e+00
6.802721e-01
4.081633e-01
4.625850e-01
8.163265e-01
3.809524e-01
1.115646e+00
9.795918e-01
1.061224e+00
1.605442e+00
7.619048e-01
5.442177e-02
5.986395e-01
6.530612e-01
7.074830e-01
7.891156e-01
1.115646e+00
1.442177e+00
1.278912e+00
7.891156e-01
6.802721e-01
3.537415e-01
5.442177e-02
1.387755e+00
8.979592e-01
9.795918e-01
1.333333e+00
9.251701e-01
1.687075e+00
5.986395e-01
5.170068e-01
8.979592e-01
9.795918e-01
1.224490e+00
1.006803e+00
9.795918e-01
1.333333e+00
1.061224e+00
4.353741e-01
1.442177e+00
1.442177e+00
1.414966e+00
1.442177e+00
1.578231e+00
1.333333e+00
1.387755e+00
4.625850e-01
8.707483e-01
1.170068e+00
1.877551e+00
1.034014e+00
1.088435e+00
1.360544e+00
1.224490e+00
1.251701e+00
1.224490e+00
9.251701e-01
8.707483e-01
9.523810e-01
1.034014e+00
7.891156e-01
7.891156e-01
1.333333e+00
9.251701e-01
1.034014e+00
1.170068e+00
7.891156e-01
7.346939e-01
4.897959e-01
5.170068e-01
8.979592e-01
1.469388e+00
1.224490e+00
1.142857e+00
8.435374e-01
0.000000e+00
6.802721e-01
6.258503e-01
5.986395e-01
5.714286e-01
1.387755e+00
1.496599e+00
1.034014e+00
6.258503e-01
4.625850e-01
2.993197e-01
3.265306e-01
9.251701e-01
1.088435e+00
1.360544e+00
1.278912e+00
9.251701e-01
1.605442e+00
5.986395e-01
4.081633e-01
8.707483e-01
1.278912e+00
1.278912e+00
1.115646e+00
1.061224e+00
1.605442e+00
6.258503e-01
3.809524e-01
1.278912e+00
1.523810e+00
1.306122e+00
1.306122e+00
1.360544e+00
1.115646e+00
1.387755e+00
4.081633e-01
1.142857e+00
1.088435e+00
2.040816e+00
1.088435e+00
1.170068e+00
1.659864e+00
1.333333e+00
8.979592e-01
7.891156e-01
8.707483e-01
1.088435e+00
1.088435e+00
1.115646e+00
6.802721e-01
1.115646e+00
1.551020e+00
1.278912e+00
8.979592e-01
8.435374e-01
8.163265e-01
9.251701e-01
6.802721e-01
2.176871e-01
1.034014e+00
1.278912e+00
1.306122e+00
1.115646e+00
7.619048e-01
0.000000e+00
4.081633e-01
9.251701e-01
7.891156e-01
8.979592e-01
1.278912e+00
1.496599e+00
9.795918e-01
4.081633e-01
3.809524e-01
2.993197e-01
3.537415e-01
7.891156e-01
1.006803e+00
1.387755e+00
1.442177e+00
1.034014e+00
1.006803e+00
3.809524e-01
1.632653e-01
8.707483e-01
9.795918e-01
1.224490e+00
1.170068e+00
9.523810e-01
1.877551e+00
5.986395e-01
4.353741e-01
1.115646e+00
1.387755e+00
1.414966e+00
1.170068e+00
1.414966e+00
1.088435e+00
1.333333e+00
5.170068e-01
1.278912e+00
1.306122e+00
1.387755e+00
1.224490e+00
1.197279e+00
1.578231e+00
1.333333e+00
8.707483e-01
7.346939e-01
8.163265e-01
1.632653e+00
1.115646e+00
1.115646e+00
7.074830e-01
1.278912e+00
1.360544e+00
1.496599e+00
9.795918e-01
7.346939e-01
5.714286e-01
9.251701e-01
8.163265e-01
3.265306e-01
1.278912e+00
1.278912e+00
1.197279e+00
1.387755e+00
9.795918e-01
2.176871e-01
6.530612e-01
4.897959e-01
5.442177e-01
1.006803e+00
1.442177e+00
1.224490e+00
7.619048e-01
1.088435e-01
4.081633e-01
7.619048e-01
6.530612e-01
5.442177e-01
1.142857e+00
1.551020e+00
1.006803e+00
9.251701e-01
8.163265e-01
2.448980e-01
2.448980e-01
1.061224e+00
9.523810e-01
1.170068e+00
1.523810e+00
7.891156e-01
1.469388e+00
6.530612e-01
4.897959e-01
9.523810e-01
1.278912e+00
1.360544e+00
9.251701e-01
1.306122e+00
1.523810e+00
1.251701e+00
5.442177e-01
1.551020e+00
1.387755e+00
1.197279e+00
1.360544e+00
1.578231e+00
1.333333e+00
1.360544e+00
4.625850e-01
6.530612e-01
8.163265e-01
2.149660e+00
9.251701e-01
8.707483e-01
1.061224e+00
1.442177e+00
1.333333e+00
1.197279e+00
1.142857e+00
6.258503e-01
9.795918e-01
8.707483e-01
7.346939e-01
2.993197e-01
1.333333e+00
1.333333e+00
1.224490e+00
1.333333e+00
6.802721e-01
6.258503e-01
6.258503e-01
5.170068e-01
8.979592e-01
1.115646e+00
1.088435e+00
1.278912e+00
1.034014e+00
0.000000e+00
5.714286e-01
7.346939e-01
5.170068e-01
4.625850e-01
1.360544e+00
1.442177e+00
