1.212996e+00
8.375451e-01
1.357401e+00
1.212996e+00
1.270758e+00
9.530686e-01
1.212996e+00
3.754513e-01
6.931408e-01
8.086643e-01
1.068592e+00
1.790614e+00
1.155235e+00
1.559567e+00
1.126354e+00
3.465704e-01
6.064982e-01
7.509025e-01
1.126354e+00
1.299639e+00
1.501805e+00
1.444043e+00
1.415162e+00
2.888087e-01
8.664260e-02
4.620939e-01
9.530686e-01
5.198556e-01
1.212996e+00
9.819495e-01
4.620939e-01
4.332130e-01
1.241877e+00
6.353791e-01
2.888087e-01
1.732852e-01
9.241877e-01
2.888087e-01
1.039711e+00
2.888087e-01
1.357401e+00
1.155235e+00
2.599278e-01
6.064982e-01
6.642599e-01
1.126354e+00
1.241877e+00
1.126354e+00
1.126354e+00
7.220217e-01
1.270758e+00
1.848375e+00
1.588448e+00
1.299639e+00
1.675090e+00
8.086643e-01
9.241877e-01
1.270758e+00
1.357401e+00
1.877256e+00
1.270758e+00
1.646209e+00
1.241877e+00
1.126354e+00
1.241877e+00
1.155235e+00
1.097473e+00
1.646209e+00
1.212996e+00
9.819495e-01
1.415162e+00
3.754513e-01
5.487365e-01
6.642599e-01
1.184116e+00
1.646209e+00
1.010830e+00
1.444043e+00
1.097473e+00
2.888087e-01
8.664260e-01
7.797834e-01
1.212996e+00
1.415162e+00
1.732852e+00
1.588448e+00
1.617329e+00
4.620939e-01
1.732852e-01
6.353791e-01
9.241877e-01
8.375451e-01
1.212996e+00
1.184116e+00
4.332130e-01
2.888087e-01
7.220217e-01
3.465704e-01
5.487365e-01
1.732852e-01
9.241877e-01
5.487365e-01
9.530686e-01
2.021661e-01
1.444043e+00
7.220217e-01
2.888087e-02
2.021661e-01
4.043321e-01
7.797834e-01
8.953069e-01
9.819495e-01
1.386282e+00
1.472924e+00
1.299639e+00
1.761733e+00
1.675090e+00
1.415162e+00
1.530686e+00
1.068592e+00
8.664260e-01
8.664260e-01
1.386282e+00
1.646209e+00
1.415162e+00
1.357401e+00
1.472924e+00
1.126354e+00
1.212996e+00
1.270758e+00
1.472924e+00
1.675090e+00
1.501805e+00
1.126354e+00
1.328520e+00
6.931408e-01
9.241877e-01
5.776173e-01
1.068592e+00
1.328520e+00
1.212996e+00
1.241877e+00
1.241877e+00
2.599278e-01
6.931408e-01
6.931408e-01
1.212996e+00
1.588448e+00
1.415162e+00
1.559567e+00
1.386282e+00
4.909747e-01
4.043321e-01
8.664260e-01
8.664260e-01
1.184116e+00
1.357401e+00
1.097473e+00
6.642599e-01
2.888087e-01
2.599278e-01
2.599278e-01
7.797834e-01
5.776173e-02
1.010830e+00
8.664260e-01
9.530686e-01
2.599278e-01
1.559567e+00
7.220217e-01
1.444043e-01
1.732852e-01
6.064982e-01
3.465704e-01
8.375451e-01
5.487365e-01
1.530686e+00
1.212996e+00
1.097473e+00
1.444043e+00
1.241877e+00
1.444043e+00
1.559567e+00
1.357401e+00
6.642599e-01
1.039711e+00
1.039711e+00
1.877256e+00
1.241877e+00
1.617329e+00
1.444043e+00
8.953069e-01
9.819495e-01
1.415162e+00
1.328520e+00
1.299639e+00
1.386282e+00
1.328520e+00
1.241877e+00
9.530686e-01
1.241877e+00
6.931408e-01
1.212996e+00
1.501805e+00
1.126354e+00
9.241877e-01
1.530686e+00
3.465704e-01
5.198556e-01
7.220217e-01
1.155235e+00
1.877256e+00
1.357401e+00
1.703971e+00
1.097473e+00
3.176895e-01
5.776173e-01
7.509025e-01
1.068592e+00
1.126354e+00
1.357401e+00
1.472924e+00
1.068592e+00
3.176895e-01
2.599278e-01
3.754513e-01
8.086643e-01
3.176895e-01
1.039711e+00
7.220217e-01
4.909747e-01
4.043321e-01
1.328520e+00
8.086643e-01
2.888087e-01
1.732852e-01
8.664260e-01
2.599278e-01
1.184116e+00
3.176895e-01
1.559567e+00
1.039711e+00
5.487365e-01
1.126354e+00
7.797834e-01
1.328520e+00
1.299639e+00
1.444043e+00
7.797834e-01
8.375451e-01
1.270758e+00
1.906137e+00
1.675090e+00
1.559567e+00
1.501805e+00
6.931408e-01
1.241877e+00
9.241877e-01
1.155235e+00
1.761733e+00
1.761733e+00
9.819495e-01
1.703971e+00
1.184116e+00
1.010830e+00
9.530686e-01
1.270758e+00
1.097473e+00
1.588448e+00
8.375451e-01
1.010830e+00
6.642599e-01
5.198556e-01
7.797834e-01
1.039711e+00
1.530686e+00
1.328520e+00
1.877256e+00
9.241877e-01
5.487365e-01
5.487365e-01
6.353791e-01
1.126354e+00
1.039711e+00
1.732852e+00
1.212996e+00
1.299639e+00
8.375451e-01
4.620939e-01
2.310469e-01
9.530686e-01
6.064982e-01
8.664260e-01
1.212996e+00
7.797834e-01
0.000000e+00
8.375451e-01
8.953069e-01
4.332130e-01
2.310469e-01
2.888087e-01
8.664260e-01
1.097473e+00
2.310469e-01
1.270758e+00
1.126354e+00
5.487365e-01
4.332130e-01
8.086643e-01
7.509025e-01
1.241877e+00
1.357401e+00
1.212996e+00
8.375451e-01
1.415162e+00
1.444043e+00
1.646209e+00
1.501805e+00
1.617329e+00
6.642599e-01
1.184116e+00
6.353791e-01
1.184116e+00
1.415162e+00
1.848375e+00
9.530686e-01
1.848375e+00
1.068592e+00
1.270758e+00
1.039711e+00
9.819495e-01
1.588448e+00
1.415162e+00
8.953069e-01
1.357401e+00
5.776173e-01
4.043321e-01
6.064982e-01
1.184116e+00
1.328520e+00
1.299639e+00
1.617329e+00
8.375451e-01
6.064982e-01
5.776173e-01
8.086643e-01
1.184116e+00
1.212996e+00
1.877256e+00
1.472924e+00
1.415162e+00
1.126354e+00
4.620939e-01
3.465704e-01
9.530686e-01
7.797834e-01
9.819495e-01
1.444043e+00
7.220217e-01
0.000000e+00
4.332130e-01
7.220217e-01
5.776173e-01
2.599278e-01
4.909747e-01
8.664260e-01
1.068592e+00
0.000000e+00
1.386282e+00
9.241877e-01
1.444043e-01
5.776173e-02
3.465704e-01
6.353791e-01
8.086643e-01
1.155235e+00
1.386282e+00
1.299639e+00
1.732852e+00
1.501805e+00
1.761733e+00
1.357401e+00
1.617329e+00
9.530686e-01
9.530686e-01
7.797834e-01
9.819495e-01
1.761733e+00
1.530686e+00
1.270758e+00
1.848375e+00
6.931408e-01
1.299639e+00
1.155235e+00
1.270758e+00
1.559567e+00
1.848375e+00
8.953069e-01
1.328520e+00
9.241877e-01
8.086643e-01
5.198556e-01
1.126354e+00
9.530686e-01
1.588448e+00
1.299639e+00
1.097473e+00
4.620939e-01
4.043321e-01
8.953069e-01
1.068592e+00
1.472924e+00
1.501805e+00
1.588448e+00
1.039711e+00
1.068592e+00
6.353791e-01
4.043321e-01
1.010830e+00
1.068592e+00
1.328520e+00
1.212996e+00
8.375451e-01
2.310469e-01
2.888087e-01
4.620939e-01
7.220217e-01
1.155235e-01
5.487365e-01
1.068592e+00
1.241877e+00
0.000000e+00
1.126354e+00
1.010830e+00
2.888087e-01
2.021661e-01
2.310469e-01
5.776173e-01
8.086643e-01
6.931408e-01
1.588448e+00
1.155235e+00
1.472924e+00
1.010830e+00
1.444043e+00
1.328520e+00
1.472924e+00
1.415162e+00
8.375451e-01
6.642599e-01
1.328520e+00
1.588448e+00
1.819495e+00
1.559567e+00
1.703971e+00
7.220217e-01
1.299639e+00
1.184116e+00
9.819495e-01
1.444043e+00
1.588448e+00
9.241877e-01
1.501805e+00
1.010830e+00
1.039711e+00
9.241877e-01
1.184116e+00
1.068592e+00
1.646209e+00
7.797834e-01
1.299639e+00
6.353791e-01
2.888087e-01
6.931408e-01
1.212996e+00
1.588448e+00
1.501805e+00
1.819495e+00
9.530686e-01
6.931408e-01
6.064982e-01
5.487365e-01
1.039711e+00
1.068592e+00
1.299639e+00
1.530686e+00
1.039711e+00
6.064982e-01
4.332130e-01
4.043321e-01
8.086643e-01
3.176895e-01
8.664260e-01
8.375451e-01
7.509025e-01
0.000000e+00
8.953069e-01
1.068592e+00
4.620939e-01
2.310469e-01
2.310469e-01
8.375451e-01
1.184116e+00
3.176895e-01
1.703971e+00
8.953069e-01
9.241877e-01
8.375451e-01
1.068592e+00
9.530686e-01
1.241877e+00
1.501805e+00
8.953069e-01
9.241877e-01
1.270758e+00
1.270758e+00
1.906137e+00
1.415162e+00
1.559567e+00
1.097473e+00
1.155235e+00
8.953069e-01
1.241877e+00
1.732852e+00
1.444043e+00
1.299639e+00
1.819495e+00
1.126354e+00
8.086643e-01
9.241877e-01
1.212996e+00
1.357401e+00
1.444043e+00
8.953069e-01
9.530686e-01
8.375451e-01
6.353791e-01
6.064982e-01
7.797834e-01
1.299639e+00
1.703971e+00
1.617329e+00
1.328520e+00
5.776173e-01
6.642599e-01
6.931408e-01
8.375451e-01
1.184116e+00
1.472924e+00
1.472924e+00
1.184116e+00
9.241877e-01
4.620939e-01
5.776173e-02
8.086643e-01
8.953069e-01
4.620939e-01
1.501805e+00
6.931408e-01
2.310469e-01
3.465704e-01
1.386282e+00
3.465704e-01
3.176895e-01
0.000000e+00
1.010830e+00
1.010830e+00
4.620939e-01
1.068592e+00
1.386282e+00
8.086643e-01
3.465704e-01
7.220217e-01
6.931408e-01
1.241877e+00
1.270758e+00
9.530686e-01
1.501805e+00
1.732852e+00
1.501805e+00
1.761733e+00
1.357401e+00
1.501805e+00
1.299639e+00
1.010830e+00
7.797834e-01
1.097473e+00
1.212996e+00
1.675090e+00
1.444043e+00
1.703971e+00
1.212996e+00
1.270758e+00
7.220217e-01
1.299639e+00
1.703971e+00
1.155235e+00
8.375451e-01
1.415162e+00
7.220217e-01
2.888087e-01
6.064982e-01
8.086643e-01
1.328520e+00
1.761733e+00
1.270758e+00
1.010830e+00
8.086643e-01
8.086643e-01
8.086643e-01
1.010830e+00
1.097473e+00
1.646209e+00
1.935018e+00
1.328520e+00
1.039711e+00
4.620939e-01
2.021661e-01
7.220217e-01
1.068592e+00
7.509025e-01
1.415162e+00
8.664260e-01
2.021661e-01
2.310469e-01
8.953069e-01
3.754513e-01
4.909747e-01
0.000000e+00
1.212996e+00
9.530686e-01
2.599278e-01
1.010830e+00
1.357401e+00
2.599278e-01
0.000000e+00
4.043321e-01
4.332130e-01
1.010830e+00
9.819495e-01
1.415162e+00
1.241877e+00
1.559567e+00
1.126354e+00
1.241877e+00
1.299639e+00
1.444043e+00
1.559567e+00
8.953069e-01
8.664260e-01
9.819495e-01
1.155235e+00
1.992780e+00
1.299639e+00
1.761733e+00
8.664260e-01
1.126354e+00
9.530686e-01
1.559567e+00
1.761733e+00
1.212996e+00
1.184116e+00
1.617329e+00
8.664260e-01
6.353791e-01
5.776173e-01
7.220217e-01
1.328520e+00
1.703971e+00
1.097473e+00
8.953069e-01
8.953069e-01
5.776173e-01
9.241877e-01
7.509025e-01
1.126354e+00
1.761733e+00
1.761733e+00
1.184116e+00
9.530686e-01
6.931408e-01
2.310469e-01
9.241877e-01
1.241877e+00
9.819495e-01
1.299639e+00
1.068592e+00
2.888087e-01
2.888087e-01
4.332130e-01
4.332130e-01
4.332130e-01
2.888087e-02
1.444043e+00
9.530686e-01
4.332130e-01
4.043321e-01
1.646209e+00
3.754513e-01
2.310469e-01
2.310469e-01
5.198556e-01
8.664260e-01
6.642599e-01
1.444043e+00
1.299639e+00
8.664260e-01
8.953069e-01
9.241877e-01
9.819495e-01
1.155235e+00
1.559567e+00
6.931408e-01
6.642599e-01
1.386282e+00
1.068592e+00
2.194946e+00
1.530686e+00
1.732852e+00
9.530686e-01
1.184116e+00
1.097473e+00
1.126354e+00
1.617329e+00
1.097473e+00
1.212996e+00
1.617329e+00
9.819495e-01
7.797834e-01
8.375451e-01
1.126354e+00
1.386282e+00
1.617329e+00
6.353791e-01
1.155235e+00
1.039711e+00
4.043321e-01
6.064982e-01
9.241877e-01
1.299639e+00
1.877256e+00
1.646209e+00
1.212996e+00
7.797834e-01
7.220217e-01
5.487365e-01
7.797834e-01
1.241877e+00
9.819495e-01
1.703971e+00
1.299639e+00
4.620939e-01
4.332130e-01
3.176895e-01
6.064982e-01
5.776173e-01
3.754513e-01
1.357401e+00
4.909747e-01
2.599278e-01
3.754513e-01
1.501805e+00
4.909747e-01
3.176895e-01
8.664260e-02
8.375451e-01
1.126354e+00
4.909747e-01
9.241877e-01
1.675090e+00
9.241877e-01
2.310469e-01
6.931408e-01
5.198556e-01
1.444043e+00
1.126354e+00
1.068592e+00
7.509025e-01
1.039711e+00
1.530686e+00
1.675090e+00
1.617329e+00
1.559567e+00
1.097473e+00
8.664260e-01
1.010830e+00
1.155235e+00
1.732852e+00
1.559567e+00
1.097473e+00
1.906137e+00
1.386282e+00
6.353791e-01
8.086643e-01
1.415162e+00
1.010830e+00
1.559567e+00
8.664260e-01
9.530686e-01
1.184116e+00
4.332130e-01
5.487365e-01
8.953069e-01
1.241877e+00
1.761733e+00
1.444043e+00
1.617329e+00
6.064982e-01
6.353791e-01
4.909747e-01
8.953069e-01
9.819495e-01
1.848375e+00
1.010830e+00
1.501805e+00
1.068592e+00
4.332130e-01
8.664260e-02
6.931408e-01
9.241877e-01
4.043321e-01
1.126354e+00
1.126354e+00
3.176895e-01
4.332130e-01
1.068592e+00
6.353791e-01
4.620939e-01
0.000000e+00
9.530686e-01
5.487365e-01
7.797834e-01
1.097473e+00
1.415162e+00
5.487365e-01
2.888087e-02
4.043321e-01
2.599278e-01
9.241877e-01
7.797834e-01
9.530686e-01
1.415162e+00
1.703971e+00
1.472924e+00
1.559567e+00
1.703971e+00
1.617329e+00
1.184116e+00
9.819495e-01
8.086643e-01
7.509025e-01
1.501805e+00
1.588448e+00
1.241877e+00
1.848375e+00
1.415162e+00
8.375451e-01
7.220217e-01
1.617329e+00
1.212996e+00
1.559567e+00
7.509025e-01
1.097473e+00
1.328520e+00
8.664260e-02
6.353791e-01
8.375451e-01
1.270758e+00
1.703971e+00
1.126354e+00
1.472924e+00
7.509025e-01
8.086643e-01
7.220217e-01
9.530686e-01
1.039711e+00
1.848375e+00
1.588448e+00
1.472924e+00
1.241877e+00
4.332130e-01
2.888087e-02
8.664260e-01
8.953069e-01
8.375451e-01
1.010830e+00
1.386282e+00
2.310469e-01
2.310469e-01
6.931408e-01
3.754513e-01
6.931408e-01
0.000000e+00
9.530686e-01
8.375451e-01
6.353791e-01
6.642599e-01
1.472924e+00
6.353791e-01
2.888087e-01
2.310469e-01
4.332130e-01
6.642599e-01
5.487365e-01
1.241877e+00
1.617329e+00
1.270758e+00
1.126354e+00
1.357401e+00
1.212996e+00
1.675090e+00
1.386282e+00
9.241877e-01
6.931408e-01
9.241877e-01
1.357401e+00
1.588448e+00
1.328520e+00
1.906137e+00
1.097473e+00
7.797834e-01
8.375451e-01
1.819495e+00
1.530686e+00
1.472924e+00
1.097473e+00
1.357401e+00
1.386282e+00
3.176895e-01
7.797834e-01
7.509025e-01
1.155235e+00
1.617329e+00
1.126354e+00
1.184116e+00
9.241877e-01
5.776173e-01
7.509025e-01
6.642599e-01
1.241877e+00
1.906137e+00
1.328520e+00
1.530686e+00
1.039711e+00
6.353791e-01
5.776173e-02
1.126354e+00
8.086643e-01
1.299639e+00
1.097473e+00
1.328520e+00
3.754513e-01
2.888087e-01
2.310469e-01
4.620939e-01
6.064982e-01
2.888087e-02
1.010830e+00
1.010830e+00
8.086643e-01
4.620939e-01
1.212996e+00
7.509025e-01
4.620939e-01
8.664260e-02
8.086643e-01
6.353791e-01
8.086643e-01
1.386282e+00
1.675090e+00
8.953069e-01
7.509025e-01
8.953069e-01
8.375451e-01
1.444043e+00
1.241877e+00
6.931408e-01
6.064982e-01
1.097473e+00
1.415162e+00
1.877256e+00
1.559567e+00
1.848375e+00
1.126354e+00
9.241877e-01
8.953069e-01
1.357401e+00
1.559567e+00
1.299639e+00
1.010830e+00
1.646209e+00
1.241877e+00
4.620939e-01
1.010830e+00
1.212996e+00
1.039711e+00
1.732852e+00
7.509025e-01
1.039711e+00
1.328520e+00
4.043321e-01
4.332130e-01
8.664260e-01
1.299639e+00
1.935018e+00
1.472924e+00
1.530686e+00
8.086643e-01
6.642599e-01
3.754513e-01
8.953069e-01
8.953069e-01
1.444043e+00
1.155235e+00
1.703971e+00
6.064982e-01
4.332130e-01
2.310469e-01
5.776173e-01
6.931408e-01
2.310469e-01
1.039711e+00
8.086643e-01
4.043321e-01
