1.562500e-02 1.250000e-01
2.500000e-01 3.750000e-01
8.281250e-01 6.250000e-01
9.726562e-01 8.750000e-01
8.789062e-01 1.125000e+00
6.718750e-01 1.375000e+00
3.046875e-01 1.625000e+00
6.640625e-02 1.875000e+00
1.171875e-02 2.125000e+00
0.000000e+00 2.375000e+00
0.000000e+00 2.625000e+00
0.000000e+00 2.875000e+00
2.421875e-01 1.250000e-01
5.312500e-01 3.750000e-01
5.742188e-01 6.250000e-01
6.875000e-01 8.750000e-01
6.953125e-01 1.125000e+00
5.898438e-01 1.375000e+00
3.593750e-01 1.625000e+00
2.148438e-01 1.875000e+00
7.031250e-02 2.125000e+00
2.734375e-02 2.375000e+00
7.812500e-03 2.625000e+00
0.000000e+00 2.875000e+00
5.195312e-01 1.250000e-01
5.546875e-01 3.750000e-01
4.765625e-01 6.250000e-01
5.039062e-01 8.750000e-01
4.921875e-01 1.125000e+00
4.726562e-01 1.375000e+00
5.078125e-01 1.625000e+00
2.343750e-01 1.875000e+00
1.523438e-01 2.125000e+00
7.031250e-02 2.375000e+00
1.562500e-02 2.625000e+00
0.000000e+00 2.875000e+00
5.898438e-01 1.250000e-01
5.468750e-01 3.750000e-01
4.492188e-01 6.250000e-01
5.156250e-01 8.750000e-01
5.000000e-01 1.125000e+00
4.531250e-01 1.375000e+00
3.203125e-01 1.625000e+00
2.421875e-01 1.875000e+00
1.835938e-01 2.125000e+00
1.718750e-01 2.375000e+00
2.734375e-02 2.625000e+00
0.000000e+00 2.875000e+00
6.210938e-01 1.250000e-01
5.390625e-01 3.750000e-01
4.375000e-01 6.250000e-01
5.507812e-01 8.750000e-01
4.257812e-01 1.125000e+00
3.906250e-01 1.375000e+00
3.710938e-01 1.625000e+00
3.007812e-01 1.875000e+00
2.031250e-01 2.125000e+00
1.562500e-01 2.375000e+00
3.906250e-03 2.625000e+00
0.000000e+00 2.875000e+00
7.109375e-01 1.250000e-01
5.156250e-01 3.750000e-01
4.218750e-01 6.250000e-01
4.218750e-01 8.750000e-01
4.687500e-01 1.125000e+00
3.632812e-01 1.375000e+00
4.648438e-01 1.625000e+00
2.812500e-01 1.875000e+00
1.718750e-01 2.125000e+00
1.171875e-01 2.375000e+00
5.859375e-02 2.625000e+00
3.906250e-03 2.875000e+00
6.718750e-01 1.250000e-01
5.898438e-01 3.750000e-01
3.984375e-01 6.250000e-01
4.570312e-01 8.750000e-01
3.984375e-01 1.125000e+00
3.554688e-01 1.375000e+00
4.062500e-01 1.625000e+00
3.632812e-01 1.875000e+00
2.500000e-01 2.125000e+00
1.015625e-01 2.375000e+00
7.812500e-03 2.625000e+00
0.000000e+00 2.875000e+00
8.007812e-01 1.250000e-01
4.296875e-01 3.750000e-01
3.710938e-01 6.250000e-01
4.687500e-01 8.750000e-01
4.492188e-01 1.125000e+00
3.828125e-01 1.375000e+00
3.476562e-01 1.625000e+00
3.359375e-01 1.875000e+00
3.281250e-01 2.125000e+00
8.593750e-02 2.375000e+00
0.000000e+00 2.625000e+00
0.000000e+00 2.875000e+00
8.203125e-01 1.250000e-01
6.210938e-01 3.750000e-01
3.828125e-01 6.250000e-01
4.140625e-01 8.750000e-01
3.437500e-01 1.125000e+00
3.085938e-01 1.375000e+00
2.265625e-01 1.625000e+00
2.617188e-01 1.875000e+00
3.046875e-01 2.125000e+00
2.070312e-01 2.375000e+00
1.054688e-01 2.625000e+00
3.906250e-03 2.875000e+00
8.710938e-01 1.250000e-01
4.414062e-01 3.750000e-01
3.515625e-01 6.250000e-01
3.828125e-01 8.750000e-01
4.335938e-01 1.125000e+00
3.320312e-01 1.375000e+00
4.101562e-01 1.625000e+00
3.281250e-01 1.875000e+00
2.539062e-01 2.125000e+00
1.523438e-01 2.375000e+00
4.296875e-02 2.625000e+00
0.000000e+00 2.875000e+00
8.046875e-01 1.250000e-01
5.195312e-01 3.750000e-01
4.101562e-01 6.250000e-01
4.296875e-01 8.750000e-01
3.789062e-01 1.125000e+00
3.125000e-01 1.375000e+00
3.242188e-01 1.625000e+00
3.398438e-01 1.875000e+00
2.382812e-01 2.125000e+00
1.835938e-01 2.375000e+00
5.859375e-02 2.625000e+00
0.000000e+00 2.875000e+00
8.515625e-01 1.250000e-01
5.625000e-01 3.750000e-01
4.375000e-01 6.250000e-01
3.320312e-01 8.750000e-01
3.750000e-01 1.125000e+00
2.382812e-01 1.375000e+00
3.593750e-01 1.625000e+00
2.929688e-01 1.875000e+00
2.148438e-01 2.125000e+00
2.421875e-01 2.375000e+00
9.375000e-02 2.625000e+00
0.000000e+00 2.875000e+00
9.765625e-01 1.250000e-01
4.492188e-01 3.750000e-01
3.710938e-01 6.250000e-01
3.320312e-01 8.750000e-01
3.359375e-01 1.125000e+00
3.164062e-01 1.375000e+00
3.281250e-01 1.625000e+00
2.929688e-01 1.875000e+00
3.281250e-01 2.125000e+00
1.992188e-01 2.375000e+00
7.031250e-02 2.625000e+00
0.000000e+00 2.875000e+00
9.843750e-01 1.250000e-01
5.429688e-01 3.750000e-01
3.046875e-01 6.250000e-01
3.085938e-01 8.750000e-01
2.656250e-01 1.125000e+00
2.421875e-01 1.375000e+00
3.984375e-01 1.625000e+00
4.062500e-01 1.875000e+00
2.968750e-01 2.125000e+00
1.953125e-01 2.375000e+00
5.468750e-02 2.625000e+00
0.000000e+00 2.875000e+00
1.015625e+00 1.250000e-01
4.882812e-01 3.750000e-01
3.125000e-01 6.250000e-01
2.734375e-01 8.750000e-01
3.125000e-01 1.125000e+00
2.304688e-01 1.375000e+00
4.062500e-01 1.625000e+00
3.906250e-01 1.875000e+00
3.593750e-01 2.125000e+00
1.796875e-01 2.375000e+00
3.125000e-02 2.625000e+00
0.000000e+00 2.875000e+00
1.066406e+00 1.250000e-01
4.921875e-01 3.750000e-01
2.812500e-01 6.250000e-01
3.320312e-01 8.750000e-01
2.382812e-01 1.125000e+00
2.812500e-01 1.375000e+00
3.281250e-01 1.625000e+00
3.437500e-01 1.875000e+00
3.203125e-01 2.125000e+00
2.460938e-01 2.375000e+00
7.031250e-02 2.625000e+00
0.000000e+00 2.875000e+00
9.726562e-01 1.250000e-01
5.078125e-01 3.750000e-01
3.085938e-01 6.250000e-01
3.632812e-01 8.750000e-01
3.085938e-01 1.125000e+00
3.281250e-01 1.375000e+00
2.968750e-01 1.625000e+00
3.906250e-01 1.875000e+00
2.656250e-01 2.125000e+00
2.304688e-01 2.375000e+00
2.734375e-02 2.625000e+00
0.000000e+00 2.875000e+00
9.609375e-01 1.250000e-01
5.000000e-01 3.750000e-01
3.828125e-01 6.250000e-01
3.398438e-01 8.750000e-01
2.890625e-01 1.125000e+00
2.539062e-01 1.375000e+00
3.125000e-01 1.625000e+00
3.281250e-01 1.875000e+00
3.515625e-01 2.125000e+00
2.539062e-01 2.375000e+00
2.734375e-02 2.625000e+00
0.000000e+00 2.875000e+00
1.105469e+00 1.250000e-01
3.789062e-01 3.750000e-01
2.890625e-01 6.250000e-01
3.242188e-01 8.750000e-01
3.164062e-01 1.125000e+00
3.164062e-01 1.375000e+00
2.929688e-01 1.625000e+00
3.593750e-01 1.875000e+00
2.968750e-01 2.125000e+00
2.617188e-01 2.375000e+00
5.859375e-02 2.625000e+00
0.000000e+00 2.875000e+00
1.062500e+00 1.250000e-01
4.609375e-01 3.750000e-01
3.242188e-01 6.250000e-01
2.734375e-01 8.750000e-01
3.046875e-01 1.125000e+00
2.343750e-01 1.375000e+00
2.851562e-01 1.625000e+00
4.414062e-01 1.875000e+00
4.453125e-01 2.125000e+00
1.484375e-01 2.375000e+00
1.953125e-02 2.625000e+00
0.000000e+00 2.875000e+00
8.945312e-01 1.250000e-01
5.195312e-01 3.750000e-01
4.218750e-01 6.250000e-01
3.554688e-01 8.750000e-01
3.593750e-01 1.125000e+00
2.578125e-01 1.375000e+00
3.242188e-01 1.625000e+00
2.773438e-01 1.875000e+00
2.343750e-01 2.125000e+00
2.851562e-01 2.375000e+00
7.031250e-02 2.625000e+00
0.000000e+00 2.875000e+00
9.492188e-01 1.250000e-01
4.570312e-01 3.750000e-01
3.984375e-01 6.250000e-01
3.750000e-01 8.750000e-01
3.125000e-01 1.125000e+00
2.265625e-01 1.375000e+00
3.398438e-01 1.625000e+00
3.359375e-01 1.875000e+00
3.828125e-01 2.125000e+00
2.109375e-01 2.375000e+00
1.171875e-02 2.625000e+00
0.000000e+00 2.875000e+00
9.570312e-01 1.250000e-01
4.140625e-01 3.750000e-01
4.101562e-01 6.250000e-01
3.945312e-01 8.750000e-01
3.515625e-01 1.125000e+00
2.187500e-01 1.375000e+00
3.359375e-01 1.625000e+00
3.125000e-01 1.875000e+00
3.281250e-01 2.125000e+00
2.382812e-01 2.375000e+00
3.906250e-02 2.625000e+00
0.000000e+00 2.875000e+00
9.804688e-01 1.250000e-01
5.039062e-01 3.750000e-01
4.140625e-01 6.250000e-01
3.984375e-01 8.750000e-01
2.617188e-01 1.125000e+00
2.187500e-01 1.375000e+00
2.382812e-01 1.625000e+00
2.343750e-01 1.875000e+00
3.945312e-01 2.125000e+00
3.359375e-01 2.375000e+00
1.953125e-02 2.625000e+00
0.000000e+00 2.875000e+00
1.187500e+00 1.250000e-01
4.296875e-01 3.750000e-01
3.281250e-01 6.250000e-01
2.187500e-01 8.750000e-01
2.617188e-01 1.125000e+00
2.851562e-01 1.375000e+00
2.656250e-01 1.625000e+00
3.164062e-01 1.875000e+00
2.695312e-01 2.125000e+00
3.320312e-01 2.375000e+00
1.015625e-01 2.625000e+00
3.906250e-03 2.875000e+00
1.085938e+00 1.250000e-01
5.078125e-01 3.750000e-01
3.281250e-01 6.250000e-01
2.695312e-01 8.750000e-01
2.617188e-01 1.125000e+00
2.578125e-01 1.375000e+00
2.265625e-01 1.625000e+00
3.164062e-01 1.875000e+00
4.179688e-01 2.125000e+00
2.929688e-01 2.375000e+00
3.515625e-02 2.625000e+00
0.000000e+00 2.875000e+00
1.187500e+00 1.250000e-01
5.039062e-01 3.750000e-01
2.890625e-01 6.250000e-01
2.578125e-01 8.750000e-01
2.148438e-01 1.125000e+00
1.640625e-01 1.375000e+00
2.304688e-01 1.625000e+00
3.242188e-01 1.875000e+00
4.765625e-01 2.125000e+00
2.773438e-01 2.375000e+00
7.421875e-02 2.625000e+00
0.000000e+00 2.875000e+00
1.234375e+00 1.250000e-01
4.414062e-01 3.750000e-01
2.578125e-01 6.250000e-01
2.460938e-01 8.750000e-01
2.109375e-01 1.125000e+00
2.031250e-01 1.375000e+00
2.773438e-01 1.625000e+00
3.359375e-01 1.875000e+00
4.570312e-01 2.125000e+00
3.085938e-01 2.375000e+00
2.734375e-02 2.625000e+00
0.000000e+00 2.875000e+00
1.156250e+00 1.250000e-01
5.664062e-01 3.750000e-01
2.070312e-01 6.250000e-01
2.460938e-01 8.750000e-01
1.914062e-01 1.125000e+00
2.734375e-01 1.375000e+00
3.046875e-01 1.625000e+00
3.359375e-01 1.875000e+00
3.554688e-01 2.125000e+00
2.929688e-01 2.375000e+00
6.640625e-02 2.625000e+00
3.906250e-03 2.875000e+00
1.332031e+00 1.250000e-01
4.726562e-01 3.750000e-01
1.953125e-01 6.250000e-01
1.914062e-01 8.750000e-01
1.796875e-01 1.125000e+00
2.187500e-01 1.375000e+00
2.851562e-01 1.625000e+00
3.398438e-01 1.875000e+00
2.890625e-01 2.125000e+00
3.281250e-01 2.375000e+00
1.562500e-01 2.625000e+00
1.171875e-02 2.875000e+00
1.324219e+00 1.250000e-01
4.726562e-01 3.750000e-01
2.421875e-01 6.250000e-01
1.562500e-01 8.750000e-01
1.484375e-01 1.125000e+00
1.562500e-01 1.375000e+00
2.695312e-01 1.625000e+00
3.476562e-01 1.875000e+00
5.039062e-01 2.125000e+00
3.515625e-01 2.375000e+00
2.734375e-02 2.625000e+00
0.000000e+00 2.875000e+00
1.269531e+00 1.250000e-01
4.960938e-01 3.750000e-01
1.835938e-01 6.250000e-01
2.265625e-01 8.750000e-01
1.523438e-01 1.125000e+00
2.226562e-01 1.375000e+00
2.968750e-01 1.625000e+00
3.750000e-01 1.875000e+00
3.593750e-01 2.125000e+00
3.476562e-01 2.375000e+00
7.031250e-02 2.625000e+00
0.000000e+00 2.875000e+00
1.347656e+00 1.250000e-01
3.515625e-01 3.750000e-01
2.187500e-01 6.250000e-01
2.382812e-01 8.750000e-01
1.796875e-01 1.125000e+00
2.070312e-01 1.375000e+00
2.070312e-01 1.625000e+00
4.531250e-01 1.875000e+00
4.687500e-01 2.125000e+00
3.007812e-01 2.375000e+00
2.734375e-02 2.625000e+00
0.000000e+00 2.875000e+00
1.402344e+00 1.250000e-01
3.359375e-01 3.750000e-01
2.500000e-01 6.250000e-01
2.148438e-01 8.750000e-01
1.796875e-01 1.125000e+00
1.835938e-01 1.375000e+00
2.226562e-01 1.625000e+00
2.617188e-01 1.875000e+00
4.218750e-01 2.125000e+00
4.570312e-01 2.375000e+00
7.031250e-02 2.625000e+00
0.000000e+00 2.875000e+00
1.335938e+00 1.250000e-01
4.531250e-01 3.750000e-01
2.656250e-01 6.250000e-01
1.953125e-01 8.750000e-01
1.328125e-01 1.125000e+00
1.875000e-01 1.375000e+00
2.109375e-01 1.625000e+00
3.203125e-01 1.875000e+00
4.570312e-01 2.125000e+00
2.968750e-01 2.375000e+00
1.367188e-01 2.625000e+00
7.812500e-03 2.875000e+00
1.300781e+00 1.250000e-01
4.921875e-01 3.750000e-01
1.953125e-01 6.250000e-01
1.953125e-01 8.750000e-01
1.601562e-01 1.125000e+00
1.875000e-01 1.375000e+00
2.539062e-01 1.625000e+00
3.281250e-01 1.875000e+00
4.960938e-01 2.125000e+00
3.085938e-01 2.375000e+00
7.421875e-02 2.625000e+00
7.812500e-03 2.875000e+00
1.308594e+00 1.250000e-01
4.492188e-01 3.750000e-01
1.992188e-01 6.250000e-01
1.718750e-01 8.750000e-01
2.421875e-01 1.125000e+00
2.148438e-01 1.375000e+00
3.007812e-01 1.625000e+00
2.851562e-01 1.875000e+00
3.281250e-01 2.125000e+00
4.023438e-01 2.375000e+00
9.765625e-02 2.625000e+00
0.000000e+00 2.875000e+00
1.464844e+00 1.250000e-01
3.046875e-01 3.750000e-01
2.109375e-01 6.250000e-01
2.070312e-01 8.750000e-01
1.484375e-01 1.125000e+00
1.718750e-01 1.375000e+00
2.382812e-01 1.625000e+00
4.062500e-01 1.875000e+00
3.789062e-01 2.125000e+00
4.140625e-01 2.375000e+00
5.078125e-02 2.625000e+00
3.906250e-03 2.875000e+00
1.441406e+00 1.250000e-01
3.906250e-01 3.750000e-01
1.718750e-01 6.250000e-01
1.757812e-01 8.750000e-01
1.757812e-01 1.125000e+00
1.718750e-01 1.375000e+00
2.109375e-01 1.625000e+00
3.828125e-01 1.875000e+00
4.140625e-01 2.125000e+00
3.554688e-01 2.375000e+00
1.015625e-01 2.625000e+00
7.812500e-03 2.875000e+00
1.429688e+00 1.250000e-01
4.101562e-01 3.750000e-01
1.640625e-01 6.250000e-01
1.718750e-01 8.750000e-01
1.835938e-01 1.125000e+00
1.523438e-01 1.375000e+00
2.226562e-01 1.625000e+00
3.710938e-01 1.875000e+00
4.101562e-01 2.125000e+00
4.296875e-01 2.375000e+00
5.468750e-02 2.625000e+00
0.000000e+00 2.875000e+00
1.605469e+00 1.250000e-01
2.656250e-01 3.750000e-01
1.601562e-01 6.250000e-01
1.406250e-01 8.750000e-01
1.718750e-01 1.125000e+00
1.757812e-01 1.375000e+00
2.500000e-01 1.625000e+00
3.671875e-01 1.875000e+00
3.085938e-01 2.125000e+00
2.773438e-01 2.375000e+00
2.421875e-01 2.625000e+00
3.515625e-02 2.875000e+00
1.515625e+00 1.250000e-01
3.007812e-01 3.750000e-01
1.718750e-01 6.250000e-01
1.640625e-01 8.750000e-01
1.953125e-01 1.125000e+00
1.406250e-01 1.375000e+00
2.539062e-01 1.625000e+00
3.242188e-01 1.875000e+00
4.257812e-01 2.125000e+00
3.867188e-01 2.375000e+00
1.171875e-01 2.625000e+00
3.906250e-03 2.875000e+00
1.550781e+00 1.250000e-01
2.812500e-01 3.750000e-01
1.679688e-01 6.250000e-01
1.484375e-01 8.750000e-01
1.679688e-01 1.125000e+00
1.796875e-01 1.375000e+00
2.031250e-01 1.625000e+00
3.359375e-01 1.875000e+00
5.000000e-01 2.125000e+00
4.101562e-01 2.375000e+00
5.468750e-02 2.625000e+00
0.000000e+00 2.875000e+00
1.375000e+00 1.250000e-01
3.710938e-01 3.750000e-01
2.343750e-01 6.250000e-01
2.148438e-01 8.750000e-01
1.640625e-01 1.125000e+00
2.148438e-01 1.375000e+00
1.875000e-01 1.625000e+00
2.851562e-01 1.875000e+00
4.726562e-01 2.125000e+00
4.492188e-01 2.375000e+00
3.125000e-02 2.625000e+00
0.000000e+00 2.875000e+00
1.449219e+00 1.250000e-01
3.632812e-01 3.750000e-01
1.992188e-01 6.250000e-01
2.226562e-01 8.750000e-01
1.484375e-01 1.125000e+00
1.171875e-01 1.375000e+00
1.992188e-01 1.625000e+00
3.398438e-01 1.875000e+00
4.804688e-01 2.125000e+00
4.023438e-01 2.375000e+00
7.031250e-02 2.625000e+00
7.812500e-03 2.875000e+00
1.453125e+00 1.250000e-01
3.320312e-01 3.750000e-01
1.953125e-01 6.250000e-01
1.601562e-01 8.750000e-01
1.835938e-01 1.125000e+00
1.406250e-01 1.375000e+00
2.656250e-01 1.625000e+00
4.257812e-01 1.875000e+00
4.101562e-01 2.125000e+00
3.632812e-01 2.375000e+00
7.031250e-02 2.625000e+00
0.000000e+00 2.875000e+00
1.410156e+00 1.250000e-01
3.046875e-01 3.750000e-01
2.070312e-01 6.250000e-01
2.382812e-01 8.750000e-01
1.796875e-01 1.125000e+00
1.523438e-01 1.375000e+00
2.851562e-01 1.625000e+00
3.945312e-01 1.875000e+00
4.648438e-01 2.125000e+00
3.203125e-01 2.375000e+00
4.296875e-02 2.625000e+00
0.000000e+00 2.875000e+00
1.601562e+00 1.250000e-01
2.539062e-01 3.750000e-01
1.757812e-01 6.250000e-01
1.757812e-01 8.750000e-01
1.953125e-01 1.125000e+00
1.445312e-01 1.375000e+00
1.796875e-01 1.625000e+00
2.460938e-01 1.875000e+00
3.710938e-01 2.125000e+00
5.195312e-01 2.375000e+00
1.328125e-01 2.625000e+00
3.906250e-03 2.875000e+00
1.527344e+00 1.250000e-01
2.968750e-01 3.750000e-01
2.148438e-01 6.250000e-01
1.757812e-01 8.750000e-01
1.406250e-01 1.125000e+00
1.875000e-01 1.375000e+00
1.835938e-01 1.625000e+00
2.812500e-01 1.875000e+00
3.867188e-01 2.125000e+00
5.273438e-01 2.375000e+00
7.812500e-02 2.625000e+00
0.000000e+00 2.875000e+00
1.437500e+00 1.250000e-01
3.671875e-01 3.750000e-01
1.914062e-01 6.250000e-01
1.953125e-01 8.750000e-01
2.031250e-01 1.125000e+00
1.796875e-01 1.375000e+00
2.421875e-01 1.625000e+00
2.617188e-01 1.875000e+00
3.789062e-01 2.125000e+00
4.453125e-01 2.375000e+00
9.375000e-02 2.625000e+00
3.906250e-03 2.875000e+00
1.417969e+00 1.250000e-01
4.023438e-01 3.750000e-01
1.796875e-01 6.250000e-01
2.304688e-01 8.750000e-01
2.031250e-01 1.125000e+00
1.992188e-01 1.375000e+00
1.914062e-01 1.625000e+00
2.539062e-01 1.875000e+00
3.242188e-01 2.125000e+00
4.453125e-01 2.375000e+00
1.445312e-01 2.625000e+00
7.812500e-03 2.875000e+00
1.332031e+00 1.250000e-01
4.101562e-01 3.750000e-01
2.695312e-01 6.250000e-01
2.031250e-01 8.750000e-01
2.226562e-01 1.125000e+00
2.343750e-01 1.375000e+00
1.875000e-01 1.625000e+00
2.148438e-01 1.875000e+00
3.789062e-01 2.125000e+00
4.453125e-01 2.375000e+00
1.015625e-01 2.625000e+00
0.000000e+00 2.875000e+00
1.425781e+00 1.250000e-01
3.281250e-01 3.750000e-01
2.187500e-01 6.250000e-01
2.304688e-01 8.750000e-01
1.718750e-01 1.125000e+00
1.992188e-01 1.375000e+00
2.421875e-01 1.625000e+00
3.164062e-01 1.875000e+00
3.906250e-01 2.125000e+00
4.218750e-01 2.375000e+00
5.468750e-02 2.625000e+00
0.000000e+00 2.875000e+00
1.472656e+00 1.250000e-01
4.062500e-01 3.750000e-01
1.835938e-01 6.250000e-01
1.367188e-01 8.750000e-01
1.367188e-01 1.125000e+00
1.875000e-01 1.375000e+00
2.578125e-01 1.625000e+00
2.968750e-01 1.875000e+00
4.296875e-01 2.125000e+00
4.179688e-01 2.375000e+00
7.421875e-02 2.625000e+00
0.000000e+00 2.875000e+00
1.343750e+00 1.250000e-01
4.335938e-01 3.750000e-01
2.578125e-01 6.250000e-01
1.914062e-01 8.750000e-01
1.953125e-01 1.125000e+00
2.070312e-01 1.375000e+00
2.070312e-01 1.625000e+00
2.500000e-01 1.875000e+00
4.140625e-01 2.125000e+00
3.945312e-01 2.375000e+00
1.054688e-01 2.625000e+00
0.000000e+00 2.875000e+00
1.375000e+00 1.250000e-01
4.921875e-01 3.750000e-01
2.109375e-01 6.250000e-01
1.640625e-01 8.750000e-01
1.757812e-01 1.125000e+00
1.757812e-01 1.375000e+00
2.031250e-01 1.625000e+00
2.851562e-01 1.875000e+00
3.515625e-01 2.125000e+00
4.765625e-01 2.375000e+00
8.984375e-02 2.625000e+00
0.000000e+00 2.875000e+00
1.328125e+00 1.250000e-01
4.492188e-01 3.750000e-01
2.382812e-01 6.250000e-01
2.382812e-01 8.750000e-01
1.992188e-01 1.125000e+00
1.601562e-01 1.375000e+00
1.640625e-01 1.625000e+00
2.968750e-01 1.875000e+00
4.257812e-01 2.125000e+00
3.867188e-01 2.375000e+00
1.132812e-01 2.625000e+00
0.000000e+00 2.875000e+00
1.476562e+00 1.250000e-01
3.203125e-01 3.750000e-01
2.187500e-01 6.250000e-01
1.835938e-01 8.750000e-01
1.796875e-01 1.125000e+00
2.031250e-01 1.375000e+00
1.992188e-01 1.625000e+00
2.578125e-01 1.875000e+00
3.750000e-01 2.125000e+00
5.000000e-01 2.375000e+00
8.593750e-02 2.625000e+00
0.000000e+00 2.875000e+00
1.339844e+00 1.250000e-01
4.062500e-01 3.750000e-01
1.953125e-01 6.250000e-01
2.500000e-01 8.750000e-01
1.757812e-01 1.125000e+00
1.679688e-01 1.375000e+00
2.851562e-01 1.625000e+00
3.984375e-01 1.875000e+00
3.828125e-01 2.125000e+00
3.007812e-01 2.375000e+00
9.765625e-02 2.625000e+00
0.000000e+00 2.875000e+00
1.527344e+00 1.250000e-01
3.164062e-01 3.750000e-01
2.109375e-01 6.250000e-01
1.328125e-01 8.750000e-01
1.210938e-01 1.125000e+00
1.523438e-01 1.375000e+00
2.500000e-01 1.625000e+00
3.554688e-01 1.875000e+00
5.312500e-01 2.125000e+00
3.320312e-01 2.375000e+00
7.031250e-02 2.625000e+00
0.000000e+00 2.875000e+00
1.429688e+00 1.250000e-01
4.023438e-01 3.750000e-01
2.226562e-01 6.250000e-01
1.796875e-01 8.750000e-01
1.328125e-01 1.125000e+00
1.679688e-01 1.375000e+00
1.875000e-01 1.625000e+00
3.671875e-01 1.875000e+00
4.257812e-01 2.125000e+00
4.257812e-01 2.375000e+00
5.859375e-02 2.625000e+00
0.000000e+00 2.875000e+00
1.394531e+00 1.250000e-01
4.140625e-01 3.750000e-01
2.460938e-01 6.250000e-01
1.796875e-01 8.750000e-01
1.601562e-01 1.125000e+00
1.601562e-01 1.375000e+00
2.031250e-01 1.625000e+00
3.007812e-01 1.875000e+00
4.531250e-01 2.125000e+00
3.593750e-01 2.375000e+00
1.289062e-01 2.625000e+00
0.000000e+00 2.875000e+00
1.433594e+00 1.250000e-01
3.750000e-01 3.750000e-01
2.187500e-01 6.250000e-01
1.992188e-01 8.750000e-01
1.796875e-01 1.125000e+00
1.523438e-01 1.375000e+00
1.953125e-01 1.625000e+00
2.773438e-01 1.875000e+00
4.453125e-01 2.125000e+00
4.296875e-01 2.375000e+00
8.984375e-02 2.625000e+00
3.906250e-03 2.875000e+00
1.480469e+00 1.250000e-01
3.398438e-01 3.750000e-01
1.992188e-01 6.250000e-01
1.835938e-01 8.750000e-01
1.796875e-01 1.125000e+00
1.679688e-01 1.375000e+00
1.796875e-01 1.625000e+00
2.812500e-01 1.875000e+00
4.414062e-01 2.125000e+00
4.843750e-01 2.375000e+00
5.859375e-02 2.625000e+00
3.906250e-03 2.875000e+00
1.363281e+00 1.250000e-01
3.242188e-01 3.750000e-01
2.773438e-01 6.250000e-01
2.500000e-01 8.750000e-01
2.539062e-01 1.125000e+00
1.562500e-01 1.375000e+00
2.187500e-01 1.625000e+00
2.773438e-01 1.875000e+00
3.476562e-01 2.125000e+00
4.062500e-01 2.375000e+00
1.250000e-01 2.625000e+00
0.000000e+00 2.875000e+00
1.289062e+00 1.250000e-01
3.710938e-01 3.750000e-01
2.617188e-01 6.250000e-01
2.226562e-01 8.750000e-01
2.460938e-01 1.125000e+00
2.460938e-01 1.375000e+00
2.500000e-01 1.625000e+00
3.710938e-01 1.875000e+00
3.320312e-01 2.125000e+00
2.812500e-01 2.375000e+00
1.289062e-01 2.625000e+00
0.000000e+00 2.875000e+00
1.328125e+00 1.250000e-01
3.125000e-01 3.750000e-01
2.500000e-01 6.250000e-01
2.265625e-01 8.750000e-01
2.226562e-01 1.125000e+00
2.109375e-01 1.375000e+00
2.812500e-01 1.625000e+00
4.492188e-01 1.875000e+00
3.906250e-01 2.125000e+00
2.890625e-01 2.375000e+00
3.906250e-02 2.625000e+00
0.000000e+00 2.875000e+00
1.265625e+00 1.250000e-01
4.179688e-01 3.750000e-01
2.421875e-01 6.250000e-01
1.953125e-01 8.750000e-01
2.187500e-01 1.125000e+00
2.148438e-01 1.375000e+00
2.890625e-01 1.625000e+00
3.945312e-01 1.875000e+00
4.062500e-01 2.125000e+00
3.164062e-01 2.375000e+00
3.906250e-02 2.625000e+00
0.000000e+00 2.875000e+00
1.433594e+00 1.250000e-01
2.460938e-01 3.750000e-01
1.835938e-01 6.250000e-01
2.460938e-01 8.750000e-01
2.421875e-01 1.125000e+00
2.304688e-01 1.375000e+00
2.695312e-01 1.625000e+00
2.539062e-01 1.875000e+00
4.921875e-01 2.125000e+00
3.554688e-01 2.375000e+00
4.687500e-02 2.625000e+00
0.000000e+00 2.875000e+00
1.484375e+00 1.250000e-01
2.617188e-01 3.750000e-01
2.070312e-01 6.250000e-01
2.070312e-01 8.750000e-01
1.992188e-01 1.125000e+00
2.148438e-01 1.375000e+00
2.304688e-01 1.625000e+00
3.242188e-01 1.875000e+00
3.750000e-01 2.125000e+00
3.593750e-01 2.375000e+00
1.328125e-01 2.625000e+00
3.906250e-03 2.875000e+00
1.371094e+00 1.250000e-01
3.906250e-01 3.750000e-01
1.718750e-01 6.250000e-01
1.914062e-01 8.750000e-01
2.070312e-01 1.125000e+00
1.875000e-01 1.375000e+00
2.812500e-01 1.625000e+00
3.593750e-01 1.875000e+00
4.726562e-01 2.125000e+00
3.164062e-01 2.375000e+00
5.078125e-02 2.625000e+00
0.000000e+00 2.875000e+00
1.328125e+00 1.250000e-01
4.375000e-01 3.750000e-01
2.656250e-01 6.250000e-01
1.835938e-01 8.750000e-01
1.718750e-01 1.125000e+00
1.562500e-01 1.375000e+00
2.109375e-01 1.625000e+00
3.320312e-01 1.875000e+00
4.804688e-01 2.125000e+00
3.945312e-01 2.375000e+00
3.906250e-02 2.625000e+00
0.000000e+00 2.875000e+00
1.414062e+00 1.250000e-01
4.609375e-01 3.750000e-01
1.484375e-01 6.250000e-01
1.718750e-01 8.750000e-01
1.835938e-01 1.125000e+00
1.054688e-01 1.375000e+00
2.578125e-01 1.625000e+00
2.773438e-01 1.875000e+00
5.195312e-01 2.125000e+00
4.101562e-01 2.375000e+00
5.078125e-02 2.625000e+00
0.000000e+00 2.875000e+00
1.542969e+00 1.250000e-01
3.398438e-01 3.750000e-01
1.445312e-01 6.250000e-01
1.484375e-01 8.750000e-01
1.757812e-01 1.125000e+00
1.757812e-01 1.375000e+00
2.421875e-01 1.625000e+00
3.046875e-01 1.875000e+00
3.515625e-01 2.125000e+00
4.296875e-01 2.375000e+00
1.250000e-01 2.625000e+00
1.953125e-02 2.875000e+00
1.480469e+00 1.250000e-01
4.023438e-01 3.750000e-01
1.875000e-01 6.250000e-01
1.562500e-01 8.750000e-01
1.484375e-01 1.125000e+00
1.562500e-01 1.375000e+00
1.757812e-01 1.625000e+00
2.343750e-01 1.875000e+00
4.843750e-01 2.125000e+00
5.039062e-01 2.375000e+00
7.031250e-02 2.625000e+00
0.000000e+00 2.875000e+00
1.593750e+00 1.250000e-01
3.437500e-01 3.750000e-01
1.367188e-01 6.250000e-01
1.523438e-01 8.750000e-01
1.757812e-01 1.125000e+00
1.523438e-01 1.375000e+00
1.992188e-01 1.625000e+00
2.109375e-01 1.875000e+00
3.203125e-01 2.125000e+00
4.453125e-01 2.375000e+00
2.656250e-01 2.625000e+00
3.906250e-03 2.875000e+00
1.488281e+00 1.250000e-01
3.906250e-01 3.750000e-01
1.875000e-01 6.250000e-01
1.601562e-01 8.750000e-01
1.875000e-01 1.125000e+00
1.406250e-01 1.375000e+00
1.640625e-01 1.625000e+00
2.500000e-01 1.875000e+00
4.296875e-01 2.125000e+00
4.687500e-01 2.375000e+00
1.289062e-01 2.625000e+00
3.906250e-03 2.875000e+00
1.523438e+00 1.250000e-01
3.515625e-01 3.750000e-01
1.562500e-01 6.250000e-01
1.679688e-01 8.750000e-01
1.679688e-01 1.125000e+00
1.875000e-01 1.375000e+00
1.601562e-01 1.625000e+00
2.539062e-01 1.875000e+00
4.882812e-01 2.125000e+00
4.882812e-01 2.375000e+00
5.468750e-02 2.625000e+00
0.000000e+00 2.875000e+00
1.488281e+00 1.250000e-01
3.125000e-01 3.750000e-01
2.070312e-01 6.250000e-01
1.875000e-01 8.750000e-01
1.875000e-01 1.125000e+00
1.484375e-01 1.375000e+00
2.617188e-01 1.625000e+00
3.046875e-01 1.875000e+00
3.984375e-01 2.125000e+00
3.984375e-01 2.375000e+00
1.015625e-01 2.625000e+00
3.906250e-03 2.875000e+00
1.140625e+00 1.250000e-01
5.664062e-01 3.750000e-01
2.656250e-01 6.250000e-01
2.265625e-01 8.750000e-01
2.265625e-01 1.125000e+00
1.992188e-01 1.375000e+00
2.265625e-01 1.625000e+00
3.398438e-01 1.875000e+00
4.140625e-01 2.125000e+00
3.398438e-01 2.375000e+00
5.468750e-02 2.625000e+00
0.000000e+00 2.875000e+00
